MEME version 5.4.1 (Tue Mar 1 19:18:48 2022 -0800)

ALPHABET= ACGT

strands: + -

Background letter frequencies (from uniform background):
A 0.25000 C 0.25000 G 0.25000 T 0.25000 

MOTIF M00851_2.00 TOE2

letter-probability matrix: alength= 4 w= 13 nsites= 1 E= 0
  0.323879	  0.225374	  0.225374	  0.225374	
  0.323879	  0.225374	  0.225374	  0.225374	
  0.290081	  0.302310	  0.203805	  0.203805	
  0.238224	  0.250478	  0.273048	  0.238250	
  0.072937	  0.072937	  0.072937	  0.781188	
  0.708418	  0.193323	  0.000197	  0.098063	
  0.000197	  0.815267	  0.000197	  0.184339	
  0.184339	  0.000197	  0.815267	  0.000197	
  0.925531	  0.024823	  0.024823	  0.024823	
  0.024823	  0.024823	  0.839254	  0.111100	
  0.046392	  0.046392	  0.860823	  0.046392	
  0.200631	  0.098224	  0.098224	  0.602921	
  0.177259	  0.177259	  0.177259	  0.468222	

URL http://cisbp.ccbr.utoronto.ca/TFreport.php?versionNumber=2.00&searchTF=T000530_2.00

