MEME version 5.4.1 (Tue Mar 1 19:18:48 2022 -0800)

ALPHABET= ACGT

strands: + -

Background letter frequencies (from uniform background):
A 0.25000 C 0.25000 G 0.25000 T 0.25000 

MOTIF M01056_2.00 ABF4

letter-probability matrix: alength= 4 w= 12 nsites= 1 E= 0
  0.233228	  0.233228	  0.233228	  0.300316	
  0.195200	  0.195200	  0.414401	  0.195200	
  0.321244	  0.531180	  0.039004	  0.108571	
  0.017006	  0.794860	  0.086573	  0.101561	
  0.999662	  0.000113	  0.000113	  0.000113	
  0.000113	  0.999662	  0.000113	  0.000113	
  0.000113	  0.000113	  0.999662	  0.000113	
  0.000113	  0.000113	  0.000113	  0.999662	
  0.084170	  0.016885	  0.882060	  0.016885	
  0.054913	  0.054913	  0.218792	  0.671382	
  0.211108	  0.366675	  0.211108	  0.211108	
  0.233107	  0.300679	  0.233107	  0.233107	

URL http://cisbp.ccbr.utoronto.ca/TFreport.php?versionNumber=2.00&searchTF=T056896_2.00

