MEME version 5.4.1 (Tue Mar 1 19:18:48 2022 -0800)

ALPHABET= ACGT

strands: + -

Background letter frequencies (from uniform background):
A 0.25000 C 0.25000 G 0.25000 T 0.25000 

MOTIF M01159_2.00 (AT4G38900)_(Cannabis_sativa)_(DBD_0.82)

letter-probability matrix: alength= 4 w= 13 nsites= 1 E= 0
  0.227379	  0.227379	  0.227379	  0.317864	
  0.301390	  0.202708	  0.293194	  0.202708	
  0.202708	  0.202708	  0.202708	  0.391875	
  0.202708	  0.202708	  0.202708	  0.391875	
  0.347050	  0.063248	  0.161972	  0.427730	
  0.725392	  0.100069	  0.090041	  0.084499	
  0.279049	  0.621962	  0.000154	  0.098835	
  0.815016	  0.094789	  0.000154	  0.090041	
  0.112662	  0.022775	  0.657528	  0.207035	
  0.147360	  0.663113	  0.047445	  0.142081	
  0.131790	  0.047445	  0.047445	  0.773319	
  0.321593	  0.047445	  0.488881	  0.142081	
  0.186906	  0.186906	  0.307608	  0.318580	

URL http://cisbp.ccbr.utoronto.ca/TFreport.php?versionNumber=2.00&searchTF=T056916_2.00

