MEME version 5.4.1 (Tue Mar 1 19:18:48 2022 -0800)

ALPHABET= ACGT

strands: + -

Background letter frequencies (from uniform background):
A 0.25000 C 0.25000 G 0.25000 T 0.25000 

MOTIF M01162_2.00 (FD)_(Cannabis_sativa)_(DBD_0.68)

letter-probability matrix: alength= 4 w= 15 nsites= 1 E= 0
  0.225519	  0.225519	  0.225519	  0.323442	
  0.205720	  0.205720	  0.382840	  0.205720	
  0.400671	  0.317856	  0.140736	  0.140736	
  0.159571	  0.675221	  0.082604	  0.082604	
  0.818523	  0.060492	  0.060492	  0.060492	
  0.118712	  0.799117	  0.041086	  0.041086	
  0.108912	  0.020465	  0.767676	  0.102947	
  0.165562	  0.000148	  0.000148	  0.834143	
  0.267669	  0.024629	  0.683074	  0.024629	
  0.044428	  0.044428	  0.044428	  0.866717	
  0.515326	  0.188884	  0.109411	  0.186379	
  0.255991	  0.167544	  0.167544	  0.408922	
  0.189656	  0.189656	  0.353407	  0.267282	
  0.209062	  0.209062	  0.209062	  0.372813	
  0.229683	  0.229683	  0.229683	  0.310952	

URL http://cisbp.ccbr.utoronto.ca/TFreport.php?versionNumber=2.00&searchTF=T056913_2.00

