MEME version 5.4.1 (Tue Mar 1 19:18:48 2022 -0800)

ALPHABET= ACGT

strands: + -

Background letter frequencies (from uniform background):
A 0.25000 C 0.25000 G 0.25000 T 0.25000 

MOTIF M01132_2.00 HYH

letter-probability matrix: alength= 4 w= 12 nsites= 1 E= 0
  0.201173	  0.201173	  0.396482	  0.201173	
  0.372444	  0.152800	  0.321957	  0.152800	
  0.283835	  0.072207	  0.072207	  0.571751	
  0.023882	  0.350519	  0.523425	  0.102174	
  0.999687	  0.000104	  0.000104	  0.000104	
  0.000104	  0.999687	  0.000104	  0.000104	
  0.000104	  0.000104	  0.999687	  0.000104	
  0.000104	  0.000104	  0.000104	  0.999687	
  0.048931	  0.154748	  0.747389	  0.048931	
  0.203121	  0.097305	  0.392648	  0.306927	
  0.177897	  0.466309	  0.177897	  0.177897	
  0.321333	  0.226222	  0.226222	  0.226222	

URL http://cisbp.ccbr.utoronto.ca/TFreport.php?versionNumber=2.00&searchTF=T056895_2.00

