MEME version 5.4.1 (Tue Mar 1 19:18:48 2022 -0800)

ALPHABET= ACGT

strands: + -

Background letter frequencies (from uniform background):
A 0.25000 C 0.25000 G 0.25000 T 0.25000 

MOTIF M01855_2.00 ZAT7

letter-probability matrix: alength= 4 w= 13 nsites= 1 E= 0
  0.226290	  0.321130	  0.226290	  0.226290	
  0.574042	  0.170941	  0.171684	  0.083333	
  0.177659	  0.083333	  0.479715	  0.259292	
  0.083333	  0.265267	  0.171684	  0.479715	
  0.648766	  0.144790	  0.150005	  0.056439	
  0.000122	  0.999635	  0.000122	  0.000122	
  0.803101	  0.000122	  0.000122	  0.196656	
  0.000122	  0.803101	  0.196656	  0.000122	
  0.023832	  0.023832	  0.023832	  0.928505	
  0.289886	  0.268960	  0.274365	  0.166789	
  0.268960	  0.166789	  0.289886	  0.274365	
  0.274365	  0.166789	  0.268960	  0.289886	
  0.193683	  0.193683	  0.316781	  0.295854	

URL http://cisbp.ccbr.utoronto.ca/TFreport.php?versionNumber=2.00&searchTF=T080857_2.00

