MEME version 5.4.1 (Tue Mar 1 19:18:48 2022 -0800)

ALPHABET= ACGT

strands: + -

Background letter frequencies (from uniform background):
A 0.25000 C 0.25000 G 0.25000 T 0.25000 

MOTIF M02041_2.00 ATHB-22

letter-probability matrix: alength= 4 w= 13 nsites= 1 E= 0
  0.227524	  0.227524	  0.227524	  0.317429	
  0.362783	  0.181164	  0.181164	  0.274889	
  0.699079	  0.100307	  0.100307	  0.100307	
  0.154895	  0.050967	  0.050967	  0.743170	
  0.827334	  0.023396	  0.023396	  0.125873	
  0.896927	  0.000199	  0.102676	  0.000199	
  0.000199	  0.000199	  0.000199	  0.999404	
  0.504211	  0.000199	  0.000199	  0.495391	
  0.224673	  0.125152	  0.022675	  0.627500	
  0.592492	  0.069035	  0.069035	  0.269438	
  0.345159	  0.149892	  0.149892	  0.355057	
  0.292022	  0.199231	  0.199231	  0.309515	
  0.226802	  0.226802	  0.226802	  0.319593	

URL http://cisbp.ccbr.utoronto.ca/TFreport.php?versionNumber=2.00&searchTF=T204484_2.00

