MEME version 5.4.1 (Tue Mar 1 19:18:48 2022 -0800)

ALPHABET= ACGT

strands: + -

Background letter frequencies (from uniform background):
A 0.25000 C 0.25000 G 0.25000 T 0.25000 

MOTIF M02693_2.00 AGL3

letter-probability matrix: alength= 4 w= 18 nsites= 1 E= 0
  0.231579	  0.305263	  0.357895	  0.105263	
  0.168421	  0.094737	  0.305263	  0.431579	
  0.263158	  0.084211	  0.042105	  0.610526	
  0.284211	  0.168421	  0.136842	  0.410526	
  0.000000	  0.968421	  0.000000	  0.031579	
  0.000000	  0.831579	  0.000000	  0.168421	
  0.863158	  0.010526	  0.021053	  0.105263	
  0.421053	  0.042105	  0.031579	  0.505263	
  0.589474	  0.000000	  0.010526	  0.400000	
  0.368421	  0.000000	  0.000000	  0.631579	
  0.684211	  0.010526	  0.042105	  0.263158	
  0.263158	  0.042105	  0.031579	  0.663158	
  0.673684	  0.000000	  0.294737	  0.031579	
  0.000000	  0.000000	  0.968421	  0.031579	
  0.347368	  0.147368	  0.157895	  0.347368	
  0.547368	  0.052632	  0.073684	  0.326316	
  0.473684	  0.242105	  0.136842	  0.147368	
  0.221053	  0.252632	  0.273684	  0.252632	

URL http://cisbp.ccbr.utoronto.ca/TFreport.php?versionNumber=2.00&searchTF=T252866_2.00

