MEME version 5.4.1 (Tue Mar 1 19:18:48 2022 -0800)

ALPHABET= ACGT

strands: + -

Background letter frequencies (from uniform background):
A 0.25000 C 0.25000 G 0.25000 T 0.25000 

MOTIF M06586_2.00 ERF8

letter-probability matrix: alength= 4 w= 15 nsites= 1 E= 0
  0.212224	  0.183362	  0.298812	  0.305603	
  0.113752	  0.514432	  0.120543	  0.251273	
  0.176570	  0.602717	  0.039049	  0.181664	
  0.295416	  0.108659	  0.264856	  0.331070	
  0.091681	  0.570458	  0.098472	  0.239389	
  0.093379	  0.835313	  0.011885	  0.059423	
  0.142615	  0.000000	  0.592529	  0.264856	
  0.016978	  0.925297	  0.054329	  0.003396	
  0.001698	  0.996604	  0.001698	  0.000000	
  0.023769	  0.000000	  0.967742	  0.008489	
  0.000000	  0.942275	  0.000000	  0.057725	
  0.003396	  0.996604	  0.000000	  0.000000	
  0.137521	  0.000000	  0.862479	  0.000000	
  0.052632	  0.533107	  0.056027	  0.358234	
  0.252971	  0.465195	  0.066214	  0.215620	

URL http://cisbp.ccbr.utoronto.ca/TFreport.php?versionNumber=2.00&searchTF=T000428_2.00

