MEME version 5.4.1 (Tue Mar 1 19:18:48 2022 -0800)

ALPHABET= ACGT

strands: + -

Background letter frequencies (from uniform background):
A 0.25000 C 0.25000 G 0.25000 T 0.25000 

MOTIF M06588_2.00 RAP2-12

letter-probability matrix: alength= 4 w= 21 nsites= 1 E= 0
  0.182580	  0.422111	  0.135678	  0.259631	
  0.179229	  0.586265	  0.070352	  0.164154	
  0.221106	  0.082077	  0.314908	  0.381910	
  0.046901	  0.673367	  0.169179	  0.110553	
  0.108878	  0.865997	  0.010050	  0.015075	
  0.025126	  0.000000	  0.963149	  0.011725	
  0.001675	  0.998325	  0.000000	  0.000000	
  0.001675	  0.998325	  0.000000	  0.000000	
  0.001675	  0.000000	  0.998325	  0.000000	
  0.005025	  0.907873	  0.000000	  0.087102	
  0.145729	  0.827471	  0.010050	  0.016750	
  0.532663	  0.006700	  0.346734	  0.113903	
  0.207705	  0.308208	  0.025126	  0.458961	
  0.246231	  0.284757	  0.023451	  0.445561	
  0.284757	  0.087102	  0.219430	  0.408710	
  0.140704	  0.418760	  0.120603	  0.319933	
  0.219430	  0.418760	  0.139028	  0.222781	
  0.261307	  0.150754	  0.321608	  0.266332	
  0.159129	  0.462312	  0.144054	  0.234506	
  0.190955	  0.479062	  0.107203	  0.222781	
  0.212730	  0.199330	  0.375209	  0.212730	

URL http://cisbp.ccbr.utoronto.ca/TFreport.php?versionNumber=2.00&searchTF=T000429_2.00

