MEME version 5.4.1 (Tue Mar 1 19:18:48 2022 -0800)

ALPHABET= ACGT

strands: + -

Background letter frequencies (from uniform background):
A 0.25000 C 0.25000 G 0.25000 T 0.25000 

MOTIF M06575_2.00 ERF11

letter-probability matrix: alength= 4 w= 20 nsites= 1 E= 0
  0.198594	  0.333919	  0.159930	  0.307557	
  0.219684	  0.391916	  0.105448	  0.282953	
  0.242531	  0.158172	  0.263620	  0.335677	
  0.159930	  0.428822	  0.140598	  0.270650	
  0.184534	  0.572935	  0.056239	  0.186292	
  0.267135	  0.093146	  0.339192	  0.300527	
  0.075571	  0.613357	  0.216169	  0.094903	
  0.098418	  0.892795	  0.000000	  0.008787	
  0.001757	  0.000000	  0.998243	  0.000000	
  0.000000	  1.000000	  0.000000	  0.000000	
  0.001757	  0.998243	  0.000000	  0.000000	
  0.000000	  0.000000	  1.000000	  0.000000	
  0.043937	  0.673111	  0.005272	  0.277680	
  0.128295	  0.818981	  0.000000	  0.052724	
  0.609842	  0.000000	  0.258348	  0.131810	
  0.200351	  0.242531	  0.063269	  0.493849	
  0.295255	  0.216169	  0.077329	  0.411248	
  0.275923	  0.138840	  0.217926	  0.367311	
  0.173989	  0.367311	  0.130053	  0.328647	
  0.212654	  0.379613	  0.133568	  0.274165	

URL http://cisbp.ccbr.utoronto.ca/TFreport.php?versionNumber=2.00&searchTF=T000419_2.00

