MEME version 5.4.1 (Tue Mar 1 19:18:48 2022 -0800)

ALPHABET= ACGT

strands: + -

Background letter frequencies (from uniform background):
A 0.25000 C 0.25000 G 0.25000 T 0.25000 

MOTIF M06597_2.00 DREB2D

letter-probability matrix: alength= 4 w= 15 nsites= 1 E= 0
  0.105925	  0.599641	  0.098743	  0.195691	
  0.166966	  0.610413	  0.061041	  0.161580	
  0.368043	  0.131059	  0.269300	  0.231598	
  0.089767	  0.610412	  0.095153	  0.204668	
  0.132855	  0.646319	  0.053860	  0.166966	
  0.211849	  0.023339	  0.368043	  0.396768	
  0.034111	  0.877918	  0.032316	  0.055655	
  0.010772	  0.989228	  0.000000	  0.000000	
  0.710952	  0.000000	  0.287253	  0.001795	
  0.000000	  0.994614	  0.001795	  0.003591	
  0.001795	  0.998205	  0.000000	  0.000000	
  0.057451	  0.000000	  0.931777	  0.010772	
  0.132855	  0.657091	  0.017953	  0.192101	
  0.037702	  0.709156	  0.014363	  0.238779	
  0.425494	  0.037702	  0.228007	  0.308797	

URL http://cisbp.ccbr.utoronto.ca/TFreport.php?versionNumber=2.00&searchTF=T000441_2.00

