MEME version 5.4.1 (Tue Mar 1 19:18:48 2022 -0800)

ALPHABET= ACGT

strands: + -

Background letter frequencies (from uniform background):
A 0.25000 C 0.25000 G 0.25000 T 0.25000 

MOTIF M06591_2.00 ERF118

letter-probability matrix: alength= 4 w= 15 nsites= 1 E= 0
  0.105000	  0.575000	  0.116667	  0.203333	
  0.153333	  0.601667	  0.063333	  0.181667	
  0.276667	  0.113333	  0.348333	  0.261667	
  0.075000	  0.603333	  0.095000	  0.226667	
  0.110000	  0.808334	  0.013333	  0.068333	
  0.131667	  0.011667	  0.531666	  0.325000	
  0.006667	  0.911667	  0.063333	  0.018333	
  0.025000	  0.963333	  0.011667	  0.000000	
  0.076667	  0.000000	  0.921666	  0.001667	
  0.000000	  0.983333	  0.000000	  0.016667	
  0.000000	  1.000000	  0.000000	  0.000000	
  0.055000	  0.000000	  0.915000	  0.030000	
  0.001667	  0.720000	  0.010000	  0.268333	
  0.200000	  0.481667	  0.096667	  0.221667	
  0.425000	  0.061667	  0.303333	  0.210000	

URL http://cisbp.ccbr.utoronto.ca/TFreport.php?versionNumber=2.00&searchTF=T000433_2.00

