MEME version 5.4.1 (Tue Mar 1 19:18:48 2022 -0800)

ALPHABET= ACGT

strands: + -

Background letter frequencies (from uniform background):
A 0.25000 C 0.25000 G 0.25000 T 0.25000 

MOTIF M06584_2.00 ERF3

letter-probability matrix: alength= 4 w= 15 nsites= 1 E= 0
  0.130872	  0.535235	  0.105705	  0.228188	
  0.223154	  0.508390	  0.075503	  0.192953	
  0.310403	  0.112416	  0.275168	  0.302013	
  0.102349	  0.533557	  0.105705	  0.258389	
  0.068792	  0.842282	  0.030201	  0.058725	
  0.115772	  0.015101	  0.558724	  0.310403	
  0.010067	  0.843960	  0.100671	  0.045302	
  0.045302	  0.953020	  0.000000	  0.001678	
  0.060403	  0.000000	  0.939597	  0.000000	
  0.001678	  0.976510	  0.015101	  0.006711	
  0.000000	  1.000000	  0.000000	  0.000000	
  0.031879	  0.000000	  0.954698	  0.013423	
  0.016779	  0.580536	  0.003356	  0.399329	
  0.176174	  0.620806	  0.028523	  0.174497	
  0.513422	  0.025168	  0.251678	  0.209732	

URL http://cisbp.ccbr.utoronto.ca/TFreport.php?versionNumber=2.00&searchTF=T000426_2.00

