MEME version 5.4.1 (Tue Mar 1 19:18:48 2022 -0800)

ALPHABET= ACGT

strands: + -

Background letter frequencies (from uniform background):
A 0.25000 C 0.25000 G 0.25000 T 0.25000 

MOTIF M06579_2.00 RAP2-6

letter-probability matrix: alength= 4 w= 15 nsites= 1 E= 0
  0.137353	  0.579565	  0.103853	  0.179229	
  0.190955	  0.564489	  0.053601	  0.190955	
  0.293132	  0.082077	  0.289782	  0.335008	
  0.085427	  0.591290	  0.078727	  0.244556	
  0.112228	  0.760469	  0.015075	  0.112228	
  0.127303	  0.023451	  0.519263	  0.329983	
  0.018425	  0.855946	  0.100503	  0.025126	
  0.025126	  0.969849	  0.005025	  0.000000	
  0.036851	  0.000000	  0.949749	  0.013400	
  0.000000	  0.973199	  0.025126	  0.001675	
  0.000000	  1.000000	  0.000000	  0.000000	
  0.036851	  0.000000	  0.961474	  0.001675	
  0.030151	  0.638191	  0.018425	  0.313233	
  0.309883	  0.546063	  0.036851	  0.107203	
  0.564489	  0.030151	  0.232831	  0.172529	

URL http://cisbp.ccbr.utoronto.ca/TFreport.php?versionNumber=2.00&searchTF=T000422_2.00

