MEME version 5.4.1 (Tue Mar 1 19:18:48 2022 -0800)

ALPHABET= ACGT

strands: + -

Background letter frequencies (from uniform background):
A 0.25000 C 0.25000 G 0.25000 T 0.25000 

MOTIF M06573_2.00 ERF087

letter-probability matrix: alength= 4 w= 15 nsites= 1 E= 0
  0.176471	  0.497479	  0.115966	  0.210084	
  0.211765	  0.494118	  0.070588	  0.223529	
  0.307563	  0.109244	  0.277311	  0.305882	
  0.109244	  0.505882	  0.107563	  0.277311	
  0.089076	  0.815126	  0.025210	  0.070588	
  0.117647	  0.018487	  0.527732	  0.336134	
  0.023529	  0.858824	  0.092437	  0.025210	
  0.001681	  0.998319	  0.000000	  0.000000	
  0.015126	  0.000000	  0.984874	  0.000000	
  0.003361	  0.984874	  0.001681	  0.010084	
  0.000000	  1.000000	  0.000000	  0.000000	
  0.016807	  0.000000	  0.969748	  0.013445	
  0.010084	  0.615126	  0.018487	  0.356303	
  0.144538	  0.628571	  0.063866	  0.163025	
  0.436975	  0.047059	  0.299160	  0.216807	

URL http://cisbp.ccbr.utoronto.ca/TFreport.php?versionNumber=2.00&searchTF=T000417_2.00

