MEME version 5.4.1 (Tue Mar 1 19:18:48 2022 -0800)

ALPHABET= ACGT

strands: + -

Background letter frequencies (from uniform background):
A 0.25000 C 0.25000 G 0.25000 T 0.25000 

MOTIF M06659_2.00 AIL6

letter-probability matrix: alength= 4 w= 15 nsites= 1 E= 0
  0.218456	  0.045198	  0.489642	  0.246704	
  0.062147	  0.726931	  0.026365	  0.184557	
  0.585687	  0.111111	  0.146893	  0.156309	
  0.045198	  0.890771	  0.020716	  0.043315	
  0.197740	  0.032015	  0.700565	  0.069680	
  0.348399	  0.182674	  0.288136	  0.180791	
  0.457627	  0.077213	  0.045198	  0.419962	
  0.190207	  0.086629	  0.030132	  0.693032	
  0.224105	  0.448211	  0.013183	  0.314501	
  0.058380	  0.523541	  0.000000	  0.418079	
  0.009416	  0.973635	  0.013183	  0.003766	
  0.203390	  0.062147	  0.672316	  0.062147	
  0.945386	  0.005650	  0.045198	  0.003766	
  0.060264	  0.024482	  0.661017	  0.254237	
  0.299435	  0.030132	  0.649717	  0.020716	

URL http://cisbp.ccbr.utoronto.ca/TFreport.php?versionNumber=2.00&searchTF=T000507_2.00

