MEME version 5.4.1 (Tue Mar 1 19:18:48 2022 -0800)

ALPHABET= ACGT

strands: + -

Background letter frequencies (from uniform background):
A 0.25000 C 0.25000 G 0.25000 T 0.25000 

MOTIF M06690_2.00 ERF010

letter-probability matrix: alength= 4 w= 15 nsites= 1 E= 0
  0.141667	  0.481667	  0.116667	  0.260000	
  0.163333	  0.495000	  0.115000	  0.226667	
  0.335000	  0.155000	  0.270000	  0.240000	
  0.175000	  0.448333	  0.093333	  0.283333	
  0.201667	  0.561666	  0.066667	  0.170000	
  0.303333	  0.053333	  0.335000	  0.308333	
  0.081667	  0.576666	  0.076667	  0.265000	
  0.045000	  0.950000	  0.003333	  0.001667	
  0.826667	  0.000000	  0.173333	  0.000000	
  0.000000	  0.998333	  0.000000	  0.001667	
  0.001667	  0.998333	  0.000000	  0.000000	
  0.006667	  0.000000	  0.993333	  0.000000	
  0.561667	  0.260000	  0.005000	  0.173333	
  0.005000	  0.990000	  0.005000	  0.000000	
  0.618333	  0.106667	  0.141667	  0.133333	

URL http://cisbp.ccbr.utoronto.ca/TFreport.php?versionNumber=2.00&searchTF=T000539_2.00

