MEME version 5.4.1 (Tue Mar 1 19:18:48 2022 -0800)

ALPHABET= ACGT

strands: + -

Background letter frequencies (from uniform background):
A 0.25000 C 0.25000 G 0.25000 T 0.25000 

MOTIF M06667_2.00 ERF003

letter-probability matrix: alength= 4 w= 19 nsites= 1 E= 0
  0.320470	  0.124161	  0.164430	  0.390940	
  0.057047	  0.582215	  0.115772	  0.244966	
  0.067114	  0.840604	  0.015101	  0.077181	
  0.161074	  0.031879	  0.354027	  0.453020	
  0.020134	  0.879195	  0.075503	  0.025168	
  0.015101	  0.984899	  0.000000	  0.000000	
  0.280201	  0.000000	  0.671141	  0.048658	
  0.000000	  0.993288	  0.005034	  0.001678	
  0.000000	  1.000000	  0.000000	  0.000000	
  0.068792	  0.000000	  0.911074	  0.020134	
  0.080537	  0.645974	  0.028523	  0.244966	
  0.209732	  0.627516	  0.011745	  0.151007	
  0.397651	  0.046980	  0.256711	  0.298658	
  0.203020	  0.555369	  0.050336	  0.191275	
  0.196309	  0.515101	  0.043624	  0.244966	
  0.270134	  0.107383	  0.310403	  0.312081	
  0.083893	  0.617450	  0.109060	  0.189597	
  0.151007	  0.607382	  0.080537	  0.161074	
  0.216443	  0.167785	  0.367450	  0.248322	

URL http://cisbp.ccbr.utoronto.ca/TFreport.php?versionNumber=2.00&searchTF=T000517_2.00

