MEME version 5.4.1 (Tue Mar 1 19:18:48 2022 -0800)

ALPHABET= ACGT

strands: + -

Background letter frequencies (from uniform background):
A 0.25000 C 0.25000 G 0.25000 T 0.25000 

MOTIF M06618_2.00 AT3G16280

letter-probability matrix: alength= 4 w= 14 nsites= 1 E= 0
  0.245989	  0.333333	  0.128342	  0.292335	
  0.279857	  0.121212	  0.294118	  0.304813	
  0.126560	  0.477718	  0.144385	  0.251337	
  0.083779	  0.791443	  0.035651	  0.089127	
  0.825313	  0.028520	  0.098039	  0.048128	
  0.000000	  0.989305	  0.000000	  0.010695	
  0.000000	  1.000000	  0.000000	  0.000000	
  0.003565	  0.000000	  0.996435	  0.000000	
  0.991087	  0.008913	  0.000000	  0.000000	
  0.044563	  0.853833	  0.057041	  0.044563	
  0.775401	  0.058824	  0.098039	  0.067736	
  0.351159	  0.303030	  0.139037	  0.206774	
  0.322638	  0.203209	  0.114082	  0.360071	
  0.352941	  0.165775	  0.190731	  0.290553	

URL http://cisbp.ccbr.utoronto.ca/TFreport.php?versionNumber=2.00&searchTF=T000469_2.00

