MEME version 5.4.1 (Tue Mar 1 19:18:48 2022 -0800)

ALPHABET= ACGT

strands: + -

Background letter frequencies (from uniform background):
A 0.25000 C 0.25000 G 0.25000 T 0.25000 

MOTIF M06638_2.00 ERF091

letter-probability matrix: alength= 4 w= 17 nsites= 1 E= 0
  0.270019	  0.154562	  0.338920	  0.236499	
  0.145251	  0.540038	  0.126629	  0.188082	
  0.156425	  0.556796	  0.093110	  0.193669	
  0.223464	  0.134078	  0.411546	  0.230912	
  0.135940	  0.536314	  0.089385	  0.238361	
  0.156425	  0.627560	  0.046555	  0.169460	
  0.225326	  0.059590	  0.381750	  0.333333	
  0.009311	  0.703910	  0.128492	  0.158287	
  0.096834	  0.878958	  0.013035	  0.011173	
  0.035382	  0.000000	  0.940409	  0.024209	
  0.000000	  1.000000	  0.000000	  0.000000	
  0.000000	  1.000000	  0.000000	  0.000000	
  0.020484	  0.000000	  0.979516	  0.000000	
  0.000000	  0.936685	  0.000000	  0.063315	
  0.005587	  0.994413	  0.000000	  0.000000	
  0.316574	  0.000000	  0.538175	  0.145251	
  0.065177	  0.489758	  0.096834	  0.348231	

URL http://cisbp.ccbr.utoronto.ca/TFreport.php?versionNumber=2.00&searchTF=T000490_2.00

