MEME version 5.4.1 (Tue Mar 1 19:18:48 2022 -0800)

ALPHABET= ACGT

strands: + -

Background letter frequencies (from uniform background):
A 0.25000 C 0.25000 G 0.25000 T 0.25000 

MOTIF M06645_2.00 CRF4

letter-probability matrix: alength= 4 w= 21 nsites= 1 E= 0
  0.070796	  0.544249	  0.150442	  0.234513	
  0.212389	  0.637169	  0.000000	  0.150442	
  0.194690	  0.057522	  0.340708	  0.407080	
  0.048673	  0.818584	  0.097345	  0.035398	
  0.053097	  0.915930	  0.000000	  0.030973	
  0.115044	  0.008850	  0.769911	  0.106195	
  0.000000	  1.000000	  0.000000	  0.000000	
  0.000000	  1.000000	  0.000000	  0.000000	
  0.053097	  0.000000	  0.920354	  0.026549	
  0.000000	  0.840708	  0.000000	  0.159292	
  0.070796	  0.915930	  0.000000	  0.013274	
  0.384956	  0.044248	  0.464602	  0.106195	
  0.057522	  0.703540	  0.039823	  0.199115	
  0.137168	  0.553098	  0.115044	  0.194690	
  0.292035	  0.044248	  0.389381	  0.274336	
  0.154867	  0.561947	  0.075221	  0.207965	
  0.247788	  0.473451	  0.106195	  0.172566	
  0.212389	  0.079646	  0.420354	  0.287611	
  0.057522	  0.716815	  0.110619	  0.115044	
  0.061947	  0.637168	  0.097345	  0.203540	
  0.221239	  0.150442	  0.402655	  0.225664	

URL http://cisbp.ccbr.utoronto.ca/TFreport.php?versionNumber=2.00&searchTF=T000495_2.00

