MEME version 5.4.1 (Tue Mar 1 19:18:48 2022 -0800)

ALPHABET= ACGT

strands: + -

Background letter frequencies (from uniform background):
A 0.25000 C 0.25000 G 0.25000 T 0.25000 

MOTIF M06680_2.00 ERF025

letter-probability matrix: alength= 4 w= 15 nsites= 1 E= 0
  0.245409	  0.325543	  0.128548	  0.300501	
  0.210351	  0.340568	  0.136895	  0.312187	
  0.193656	  0.171953	  0.257095	  0.377295	
  0.128548	  0.342237	  0.076795	  0.452421	
  0.111853	  0.355593	  0.056761	  0.475793	
  0.238731	  0.003339	  0.757930	  0.000000	
  0.000000	  0.949917	  0.000000	  0.050083	
  0.000000	  1.000000	  0.000000	  0.000000	
  0.000000	  0.000000	  1.000000	  0.000000	
  0.939900	  0.016694	  0.000000	  0.043406	
  0.001669	  0.998331	  0.000000	  0.000000	
  0.814691	  0.003339	  0.163606	  0.018364	
  0.373957	  0.260434	  0.173623	  0.191987	
  0.348915	  0.198664	  0.111853	  0.340568	
  0.337229	  0.146912	  0.233723	  0.282137	

URL http://cisbp.ccbr.utoronto.ca/TFreport.php?versionNumber=2.00&searchTF=T000527_2.00

