MEME version 5.4.1 (Tue Mar 1 19:18:48 2022 -0800)

ALPHABET= ACGT

strands: + -

Background letter frequencies (from uniform background):
A 0.25000 C 0.25000 G 0.25000 T 0.25000 

MOTIF M06655_2.00 DREB2A

letter-probability matrix: alength= 4 w= 21 nsites= 1 E= 0
  0.175559	  0.354561	  0.156627	  0.313253	
  0.206540	  0.387263	  0.149742	  0.256454	
  0.316695	  0.185886	  0.222031	  0.275387	
  0.172117	  0.444062	  0.127367	  0.256454	
  0.234079	  0.464716	  0.082616	  0.218589	
  0.297762	  0.115318	  0.222031	  0.364888	
  0.173838	  0.459552	  0.117040	  0.249570	
  0.218589	  0.710843	  0.043029	  0.027539	
  0.865749	  0.000000	  0.134251	  0.000000	
  0.000000	  0.998279	  0.000000	  0.001721	
  0.000000	  1.000000	  0.000000	  0.000000	
  0.000000	  0.000000	  0.996558	  0.003442	
  0.580034	  0.388985	  0.000000	  0.030981	
  0.000000	  1.000000	  0.000000	  0.000000	
  0.530121	  0.060241	  0.032702	  0.376936	
  0.086059	  0.278830	  0.015491	  0.619620	
  0.370052	  0.251291	  0.092943	  0.285714	
  0.435456	  0.130809	  0.256454	  0.177281	
  0.247849	  0.351119	  0.134251	  0.266781	
  0.203098	  0.418244	  0.141136	  0.237522	
  0.314974	  0.175559	  0.223752	  0.285714	

URL http://cisbp.ccbr.utoronto.ca/TFreport.php?versionNumber=2.00&searchTF=T000504_2.00

