MEME version 5.4.1 (Tue Mar 1 19:18:48 2022 -0800)

ALPHABET= ACGT

strands: + -

Background letter frequencies (from uniform background):
A 0.25000 C 0.25000 G 0.25000 T 0.25000 

MOTIF M06684_2.00 ABR1

letter-probability matrix: alength= 4 w= 19 nsites= 1 E= 0
  0.128333	  0.701667	  0.060000	  0.110000	
  0.126667	  0.050000	  0.496667	  0.326667	
  0.028333	  0.741667	  0.175000	  0.055000	
  0.058333	  0.916667	  0.016667	  0.008333	
  0.020000	  0.000000	  0.973333	  0.006667	
  0.000000	  0.980000	  0.020000	  0.000000	
  0.003333	  0.996667	  0.000000	  0.000000	
  0.013333	  0.000000	  0.983334	  0.003333	
  0.036667	  0.668333	  0.045000	  0.250000	
  0.363333	  0.513334	  0.025000	  0.098333	
  0.643333	  0.023333	  0.161667	  0.171667	
  0.226667	  0.321667	  0.030000	  0.421667	
  0.271667	  0.310000	  0.043333	  0.375000	
  0.225000	  0.131667	  0.248333	  0.395000	
  0.091667	  0.475000	  0.131667	  0.301667	
  0.213333	  0.513333	  0.106667	  0.166667	
  0.223333	  0.160000	  0.383333	  0.233333	
  0.165000	  0.468333	  0.125000	  0.241667	
  0.173333	  0.528334	  0.095000	  0.203333	

URL http://cisbp.ccbr.utoronto.ca/TFreport.php?versionNumber=2.00&searchTF=T000534_2.00

