MEME version 5.4.1 (Tue Mar 1 19:18:48 2022 -0800)

ALPHABET= ACGT

strands: + -

Background letter frequencies (from uniform background):
A 0.25000 C 0.25000 G 0.25000 T 0.25000 

MOTIF M06670_2.00 ERF9

letter-probability matrix: alength= 4 w= 21 nsites= 1 E= 0
  0.106306	  0.475676	  0.127928	  0.290090	
  0.100901	  0.790991	  0.014414	  0.093694	
  0.165766	  0.010811	  0.455856	  0.367568	
  0.012613	  0.870270	  0.061261	  0.055856	
  0.066667	  0.926126	  0.000000	  0.007207	
  0.082883	  0.000000	  0.888288	  0.028829	
  0.001802	  0.980180	  0.000000	  0.018018	
  0.007207	  0.992793	  0.000000	  0.000000	
  0.059459	  0.000000	  0.893694	  0.046847	
  0.023423	  0.648649	  0.027027	  0.300901	
  0.167568	  0.690089	  0.010811	  0.131532	
  0.468468	  0.030631	  0.300901	  0.200000	
  0.156757	  0.486486	  0.066667	  0.290090	
  0.270270	  0.484685	  0.057658	  0.187387	
  0.241441	  0.070270	  0.430631	  0.257658	
  0.095495	  0.600000	  0.113514	  0.190991	
  0.174775	  0.618017	  0.057658	  0.149550	
  0.207207	  0.124324	  0.477477	  0.190991	
  0.108108	  0.605406	  0.090090	  0.196396	
  0.160360	  0.636037	  0.043243	  0.160360	
  0.252252	  0.142342	  0.443243	  0.162162	

URL http://cisbp.ccbr.utoronto.ca/TFreport.php?versionNumber=2.00&searchTF=T000521_2.00

