MEME version 5.4.1 (Tue Mar 1 19:18:48 2022 -0800)

ALPHABET= ACGT

strands: + -

Background letter frequencies (from uniform background):
A 0.25000 C 0.25000 G 0.25000 T 0.25000 

MOTIF M06674_2.00 ERF5

letter-probability matrix: alength= 4 w= 15 nsites= 1 E= 0
  0.101724	  0.636207	  0.065517	  0.196552	
  0.151724	  0.663793	  0.024138	  0.160345	
  0.368966	  0.072414	  0.310345	  0.248276	
  0.055172	  0.620690	  0.124138	  0.200000	
  0.100000	  0.851724	  0.008621	  0.039655	
  0.139655	  0.000000	  0.637931	  0.222414	
  0.005172	  0.912070	  0.055172	  0.027586	
  0.027586	  0.972414	  0.000000	  0.000000	
  0.117241	  0.000000	  0.867242	  0.015517	
  0.006897	  0.925861	  0.034483	  0.032759	
  0.006897	  0.993103	  0.000000	  0.000000	
  0.125862	  0.000000	  0.801724	  0.072414	
  0.005172	  0.720690	  0.029310	  0.244828	
  0.094828	  0.731034	  0.050000	  0.124138	
  0.410345	  0.029310	  0.377586	  0.182759	

URL http://cisbp.ccbr.utoronto.ca/TFreport.php?versionNumber=2.00&searchTF=T000523_2.00

