MEME version 5.4.1 (Tue Mar 1 19:18:48 2022 -0800)

ALPHABET= ACGT

strands: + -

Background letter frequencies (from uniform background):
A 0.25000 C 0.25000 G 0.25000 T 0.25000 

MOTIF M06602_2.00 ERF008

letter-probability matrix: alength= 4 w= 17 nsites= 1 E= 0
  0.239531	  0.313233	  0.127303	  0.319933	
  0.257956	  0.214405	  0.268007	  0.259631	
  0.249581	  0.299832	  0.187605	  0.262982	
  0.283082	  0.350084	  0.140704	  0.226131	
  0.306533	  0.130653	  0.301508	  0.261307	
  0.068677	  0.463987	  0.167504	  0.299832	
  0.003350	  0.991625	  0.001675	  0.003350	
  0.879397	  0.000000	  0.118928	  0.001675	
  0.001675	  0.998325	  0.000000	  0.000000	
  0.000000	  1.000000	  0.000000	  0.000000	
  0.000000	  0.000000	  1.000000	  0.000000	
  0.951423	  0.023451	  0.001675	  0.023451	
  0.000000	  1.000000	  0.000000	  0.000000	
  0.740369	  0.219430	  0.010050	  0.030151	
  0.427136	  0.187605	  0.011725	  0.373534	
  0.276382	  0.234506	  0.102178	  0.386935	
  0.288107	  0.150754	  0.239531	  0.321608	

URL http://cisbp.ccbr.utoronto.ca/TFreport.php?versionNumber=2.00&searchTF=T000449_2.00

