MEME version 5.4.1 (Tue Mar 1 19:18:48 2022 -0800)

ALPHABET= ACGT

strands: + -

Background letter frequencies (from uniform background):
A 0.25000 C 0.25000 G 0.25000 T 0.25000 

MOTIF M06653_2.00 ERF109

letter-probability matrix: alength= 4 w= 15 nsites= 1 E= 0
  0.138333	  0.650000	  0.070000	  0.141667	
  0.128333	  0.065000	  0.520000	  0.286667	
  0.038333	  0.648333	  0.276667	  0.036667	
  0.055000	  0.941666	  0.001667	  0.001667	
  0.000000	  0.000000	  0.998333	  0.001667	
  0.000000	  1.000000	  0.000000	  0.000000	
  0.003333	  0.996667	  0.000000	  0.000000	
  0.006667	  0.000000	  0.991666	  0.001667	
  0.058333	  0.525000	  0.051667	  0.365000	
  0.423333	  0.393333	  0.008333	  0.175000	
  0.676667	  0.008333	  0.070000	  0.245000	
  0.178333	  0.168333	  0.010000	  0.643334	
  0.236667	  0.220000	  0.081667	  0.461667	
  0.231667	  0.166667	  0.181667	  0.420000	
  0.138333	  0.388333	  0.165000	  0.308333	

URL http://cisbp.ccbr.utoronto.ca/TFreport.php?versionNumber=2.00&searchTF=T000499_2.00

