MEME version 5.4.1 (Tue Mar 1 19:18:48 2022 -0800)

ALPHABET= ACGT

strands: + -

Background letter frequencies (from uniform background):
A 0.25000 C 0.25000 G 0.25000 T 0.25000 

MOTIF M06616_2.00 ERF4

letter-probability matrix: alength= 4 w= 15 nsites= 1 E= 0
  0.122278	  0.482412	  0.123953	  0.271357	
  0.132328	  0.681742	  0.035176	  0.150754	
  0.187605	  0.088777	  0.326633	  0.396985	
  0.031826	  0.760469	  0.172529	  0.035176	
  0.020101	  0.976549	  0.000000	  0.003350	
  0.005025	  0.000000	  0.989950	  0.005025	
  0.000000	  0.998325	  0.001675	  0.000000	
  0.001675	  0.996650	  0.000000	  0.001675	
  0.001675	  0.000000	  0.998325	  0.000000	
  0.010050	  0.775545	  0.000000	  0.214405	
  0.087102	  0.889447	  0.003350	  0.020101	
  0.591290	  0.005025	  0.284757	  0.118928	
  0.217755	  0.304858	  0.041876	  0.435511	
  0.338358	  0.256281	  0.043551	  0.361809	
  0.288107	  0.118928	  0.206030	  0.386935	

URL http://cisbp.ccbr.utoronto.ca/TFreport.php?versionNumber=2.00&searchTF=T000468_2.00

