MEME version 5.4.1 (Tue Mar 1 19:18:48 2022 -0800)

ALPHABET= ACGT

strands: + -

Background letter frequencies (from uniform background):
A 0.25000 C 0.25000 G 0.25000 T 0.25000 

MOTIF M06662_2.00 DREB2G

letter-probability matrix: alength= 4 w= 15 nsites= 1 E= 0
  0.245315	  0.085179	  0.265758	  0.403748	
  0.006814	  0.836457	  0.064736	  0.091993	
  0.005111	  0.994889	  0.000000	  0.000000	
  0.691653	  0.000000	  0.265758	  0.042589	
  0.000000	  1.000000	  0.000000	  0.000000	
  0.000000	  1.000000	  0.000000	  0.000000	
  0.097104	  0.000000	  0.867121	  0.035775	
  0.037479	  0.904599	  0.000000	  0.057922	
  0.011925	  0.672913	  0.000000	  0.315162	
  0.235094	  0.020443	  0.226576	  0.517887	
  0.103918	  0.657581	  0.071550	  0.166951	
  0.241908	  0.531516	  0.083475	  0.143101	
  0.362862	  0.098807	  0.304940	  0.233390	
  0.126065	  0.632027	  0.091993	  0.149915	
  0.160136	  0.608177	  0.069847	  0.161840	

URL http://cisbp.ccbr.utoronto.ca/TFreport.php?versionNumber=2.00&searchTF=T000513_2.00

