MEME version 5.4.1 (Tue Mar 1 19:18:48 2022 -0800)

ALPHABET= ACGT

strands: + -

Background letter frequencies (from uniform background):
A 0.25000 C 0.25000 G 0.25000 T 0.25000 

MOTIF M06612_2.00 ERF13

letter-probability matrix: alength= 4 w= 15 nsites= 1 E= 0
  0.167820	  0.463668	  0.134948	  0.233564	
  0.238754	  0.441176	  0.100346	  0.219723	
  0.245675	  0.110727	  0.269896	  0.373702	
  0.041522	  0.498270	  0.192042	  0.268166	
  0.406574	  0.531142	  0.053633	  0.008651	
  0.001730	  0.000000	  0.998270	  0.000000	
  0.000000	  0.996540	  0.000000	  0.003460	
  0.008651	  0.991349	  0.000000	  0.000000	
  0.000000	  0.000000	  0.998270	  0.001730	
  0.074394	  0.837371	  0.000000	  0.088235	
  0.000000	  0.994810	  0.000000	  0.005190	
  0.468858	  0.010381	  0.347751	  0.173010	
  0.121107	  0.269896	  0.084775	  0.524222	
  0.257785	  0.230104	  0.093426	  0.418685	
  0.288927	  0.105536	  0.292388	  0.313149	

URL http://cisbp.ccbr.utoronto.ca/TFreport.php?versionNumber=2.00&searchTF=T000462_2.00

