MEME version 5.4.1 (Tue Mar 1 19:18:48 2022 -0800)

ALPHABET= ACGT

strands: + -

Background letter frequencies (from uniform background):
A 0.25000 C 0.25000 G 0.25000 T 0.25000 

MOTIF M06628_2.00 ERF011

letter-probability matrix: alength= 4 w= 15 nsites= 1 E= 0
  0.121667	  0.508333	  0.125000	  0.245000	
  0.168333	  0.571667	  0.076667	  0.183333	
  0.383333	  0.160000	  0.215000	  0.241667	
  0.136667	  0.475000	  0.108333	  0.280000	
  0.173333	  0.586667	  0.065000	  0.175000	
  0.321667	  0.061667	  0.255000	  0.361667	
  0.071667	  0.608333	  0.073333	  0.246667	
  0.008333	  0.960000	  0.011667	  0.020000	
  0.846667	  0.000000	  0.153333	  0.000000	
  0.000000	  0.991667	  0.000000	  0.008333	
  0.003333	  0.996667	  0.000000	  0.000000	
  0.031667	  0.000000	  0.966666	  0.001667	
  0.456667	  0.335000	  0.000000	  0.208333	
  0.001667	  0.989999	  0.001667	  0.006667	
  0.525000	  0.168333	  0.166667	  0.140000	

URL http://cisbp.ccbr.utoronto.ca/TFreport.php?versionNumber=2.00&searchTF=T000477_2.00

