MEME version 5.4.1 (Tue Mar 1 19:18:48 2022 -0800)

ALPHABET= ACGT

strands: + -

Background letter frequencies (from uniform background):
A 0.25000 C 0.25000 G 0.25000 T 0.25000 

MOTIF M06647_2.00 ERF054

letter-probability matrix: alength= 4 w= 20 nsites= 1 E= 0
  0.188713	  0.407407	  0.149912	  0.253968	
  0.183422	  0.432099	  0.171076	  0.213404	
  0.333333	  0.194004	  0.269841	  0.202822	
  0.183422	  0.440917	  0.162257	  0.213404	
  0.135802	  0.497354	  0.146384	  0.220459	
  0.354497	  0.164021	  0.278660	  0.202822	
  0.156966	  0.465608	  0.144621	  0.232804	
  0.199295	  0.485009	  0.125220	  0.190476	
  0.285714	  0.149912	  0.313933	  0.250441	
  0.158730	  0.416226	  0.109347	  0.315697	
  0.190476	  0.582011	  0.052910	  0.174603	
  0.218695	  0.070547	  0.335097	  0.375661	
  0.035273	  0.659613	  0.169312	  0.135802	
  0.084656	  0.853616	  0.021164	  0.040564	
  0.624339	  0.000000	  0.375661	  0.000000	
  0.000000	  0.996473	  0.003527	  0.000000	
  0.000000	  1.000000	  0.000000	  0.000000	
  0.003527	  0.000000	  0.994709	  0.001764	
  0.342152	  0.350970	  0.037037	  0.269841	
  0.012346	  0.962963	  0.005291	  0.019400	

URL http://cisbp.ccbr.utoronto.ca/TFreport.php?versionNumber=2.00&searchTF=T000496_2.00

