MEME version 5.4.1 (Tue Mar 1 19:18:48 2022 -0800)

ALPHABET= ACGT

strands: + -

Background letter frequencies (from uniform background):
A 0.25000 C 0.25000 G 0.25000 T 0.25000 

MOTIF M06635_2.00 ERF039

letter-probability matrix: alength= 4 w= 15 nsites= 1 E= 0
  0.203333	  0.461667	  0.120000	  0.215000	
  0.310000	  0.161667	  0.276667	  0.251667	
  0.188333	  0.376667	  0.151667	  0.283333	
  0.170000	  0.543334	  0.068333	  0.218333	
  0.268333	  0.105000	  0.320000	  0.306667	
  0.110000	  0.501667	  0.078333	  0.310000	
  0.050000	  0.823334	  0.033333	  0.093333	
  0.610000	  0.000000	  0.378333	  0.011667	
  0.000000	  0.988333	  0.006667	  0.005000	
  0.000000	  1.000000	  0.000000	  0.000000	
  0.016667	  0.000000	  0.983333	  0.000000	
  0.675000	  0.183333	  0.001667	  0.140000	
  0.000000	  0.998333	  0.000000	  0.001667	
  0.641667	  0.023333	  0.266667	  0.068333	
  0.295000	  0.350000	  0.131667	  0.223333	

URL http://cisbp.ccbr.utoronto.ca/TFreport.php?versionNumber=2.00&searchTF=T000487_2.00

