MEME version 5.4.1 (Tue Mar 1 19:18:48 2022 -0800)

ALPHABET= ACGT

strands: + -

Background letter frequencies (from uniform background):
A 0.25000 C 0.25000 G 0.25000 T 0.25000 

MOTIF M06611_2.00 DREB2C

letter-probability matrix: alength= 4 w= 21 nsites= 1 E= 0
  0.293436	  0.111969	  0.196911	  0.397683	
  0.003861	  0.779923	  0.038610	  0.177606	
  0.100386	  0.888031	  0.011583	  0.000000	
  0.602317	  0.000000	  0.220077	  0.177606	
  0.011583	  0.988417	  0.000000	  0.000000	
  0.000000	  0.988417	  0.011583	  0.000000	
  0.324324	  0.000000	  0.613900	  0.061776	
  0.065637	  0.826255	  0.000000	  0.108108	
  0.057915	  0.845560	  0.003861	  0.092664	
  0.428571	  0.023166	  0.378378	  0.169884	
  0.162162	  0.571429	  0.084942	  0.181467	
  0.158301	  0.633205	  0.003861	  0.204633	
  0.366795	  0.061776	  0.297297	  0.274131	
  0.077220	  0.671815	  0.081081	  0.169884	
  0.158301	  0.768340	  0.038610	  0.034749	
  0.447876	  0.019305	  0.374517	  0.158301	
  0.046332	  0.706564	  0.111969	  0.135135	
  0.092664	  0.737452	  0.011583	  0.158301	
  0.196911	  0.057915	  0.436293	  0.308880	
  0.081081	  0.714286	  0.054054	  0.150579	
  0.169884	  0.629344	  0.054054	  0.146718	

URL http://cisbp.ccbr.utoronto.ca/TFreport.php?versionNumber=2.00&searchTF=T000459_2.00

