MEME version 5.4.1 (Tue Mar 1 19:18:48 2022 -0800)

ALPHABET= ACGT

strands: + -

Background letter frequencies (from uniform background):
A 0.25000 C 0.25000 G 0.25000 T 0.25000 

MOTIF M06624_2.00 ERF095

letter-probability matrix: alength= 4 w= 15 nsites= 1 E= 0
  0.133672	  0.538071	  0.086294	  0.241963	
  0.125212	  0.680203	  0.042301	  0.152284	
  0.213198	  0.072758	  0.390863	  0.323181	
  0.011844	  0.715736	  0.143824	  0.128596	
  0.130288	  0.851100	  0.010152	  0.008460	
  0.089679	  0.000000	  0.888324	  0.021997	
  0.000000	  0.993232	  0.006768	  0.000000	
  0.000000	  1.000000	  0.000000	  0.000000	
  0.030457	  0.000000	  0.964467	  0.005076	
  0.000000	  0.903553	  0.003384	  0.093063	
  0.000000	  0.993232	  0.000000	  0.006768	
  0.297800	  0.003384	  0.566836	  0.131980	
  0.050761	  0.553300	  0.076142	  0.319797	
  0.199662	  0.468697	  0.099831	  0.231810	
  0.350254	  0.079526	  0.360406	  0.209814	

URL http://cisbp.ccbr.utoronto.ca/TFreport.php?versionNumber=2.00&searchTF=T000473_2.00

