MEME version 5.4.1 (Tue Mar 1 19:18:48 2022 -0800)

ALPHABET= ACGT

strands: + -

Background letter frequencies (from uniform background):
A 0.25000 C 0.25000 G 0.25000 T 0.25000 

MOTIF M06692_2.00 RAV1

letter-probability matrix: alength= 4 w= 21 nsites= 1 E= 0
  0.367174	  0.258883	  0.248731	  0.125212	
  0.120135	  0.813875	  0.025381	  0.040609	
  0.895093	  0.064298	  0.028765	  0.011844	
  0.912014	  0.005076	  0.045685	  0.037225	
  0.000000	  0.996616	  0.000000	  0.003384	
  0.984772	  0.000000	  0.015228	  0.000000	
  0.275804	  0.054146	  0.470389	  0.199662	
  0.774958	  0.033841	  0.047377	  0.143824	
  0.637902	  0.021997	  0.155668	  0.184433	
  0.610829	  0.042301	  0.071066	  0.275804	
  0.372250	  0.170897	  0.074450	  0.382403	
  0.255499	  0.377327	  0.028765	  0.338409	
  0.642978	  0.131980	  0.074450	  0.150592	
  0.167513	  0.407783	  0.038917	  0.385787	
  0.147208	  0.588833	  0.104907	  0.159052	
  0.235195	  0.211506	  0.001692	  0.551607	
  0.038917	  0.113367	  0.546532	  0.301184	
  0.392555	  0.084602	  0.340102	  0.182741	
  0.406091	  0.120135	  0.236887	  0.236887	
  0.468697	  0.150592	  0.157360	  0.223350	
  0.402707	  0.203046	  0.181049	  0.213198	

URL http://cisbp.ccbr.utoronto.ca/TFreport.php?versionNumber=2.00&searchTF=T010404_2.00

