MEME version 5.4.1 (Tue Mar 1 19:18:48 2022 -0800)

ALPHABET= ACGT

strands: + -

Background letter frequencies (from uniform background):
A 0.25000 C 0.25000 G 0.25000 T 0.25000 

MOTIF M06695_2.00 ARID3

letter-probability matrix: alength= 4 w= 15 nsites= 1 E= 0
  0.702642	  0.063877	  0.107930	  0.125551	
  0.713657	  0.090308	  0.041850	  0.154185	
  0.563876	  0.063877	  0.013216	  0.359031	
  0.268722	  0.057269	  0.044053	  0.629956	
  0.220264	  0.196035	  0.066079	  0.517622	
  0.381057	  0.158590	  0.275330	  0.185022	
  0.797356	  0.070485	  0.000000	  0.132159	
  0.975771	  0.006608	  0.017621	  0.000000	
  0.980176	  0.000000	  0.000000	  0.019824	
  0.000000	  0.000000	  0.000000	  1.000000	
  0.000000	  0.262115	  0.000000	  0.737885	
  0.775330	  0.000000	  0.224670	  0.000000	
  0.933921	  0.011013	  0.055066	  0.000000	
  0.535243	  0.000000	  0.022026	  0.442731	
  0.268722	  0.030837	  0.017621	  0.682820	

URL http://cisbp.ccbr.utoronto.ca/TFreport.php?versionNumber=2.00&searchTF=T014152_2.00

