MEME version 5.4.1 (Tue Mar 1 19:18:48 2022 -0800)

ALPHABET= ACGT

strands: + -

Background letter frequencies (from uniform background):
A 0.25000 C 0.25000 G 0.25000 T 0.25000 

MOTIF M06606_2.00 AT2G33710

letter-probability matrix: alength= 4 w= 18 nsites= 1 E= 0
  0.275000	  0.120000	  0.255000	  0.350000	
  0.116667	  0.485000	  0.150000	  0.248333	
  0.138333	  0.771667	  0.048333	  0.041667	
  0.046667	  0.016667	  0.751666	  0.185000	
  0.000000	  0.795000	  0.181667	  0.023333	
  0.030000	  0.966667	  0.003333	  0.000000	
  0.006667	  0.000000	  0.993333	  0.000000	
  0.006667	  0.943333	  0.010000	  0.040000	
  0.041667	  0.956666	  0.001667	  0.000000	
  0.175000	  0.005000	  0.783333	  0.036667	
  0.065000	  0.441667	  0.056667	  0.436667	
  0.313333	  0.401667	  0.041667	  0.243333	
  0.460000	  0.030000	  0.215000	  0.295000	
  0.196667	  0.368333	  0.070000	  0.365000	
  0.283333	  0.343333	  0.091667	  0.281667	
  0.216667	  0.101667	  0.340000	  0.341667	
  0.143333	  0.410000	  0.170000	  0.276667	
  0.258333	  0.415000	  0.108333	  0.218333	

URL http://cisbp.ccbr.utoronto.ca/TFreport.php?versionNumber=2.00&searchTF=T000453_2.00

