MEME version 5.4.1 (Tue Mar 1 19:18:48 2022 -0800)

ALPHABET= ACGT

strands: + -

Background letter frequencies (from uniform background):
A 0.25000 C 0.25000 G 0.25000 T 0.25000 

MOTIF M06708_2.00 ARF16

letter-probability matrix: alength= 4 w= 21 nsites= 1 E= 0
  0.039604	  0.009901	  0.009901	  0.940594	
  0.029703	  0.000000	  0.000000	  0.970297	
  0.029703	  0.039604	  0.009901	  0.920792	
  0.851485	  0.000000	  0.118812	  0.029703	
  0.000000	  0.861386	  0.000000	  0.138614	
  0.069307	  0.009901	  0.900990	  0.019802	
  0.089109	  0.019802	  0.396040	  0.495050	
  0.000000	  0.000000	  0.019802	  0.980198	
  0.009901	  0.000000	  0.000000	  0.990099	
  0.029703	  0.000000	  0.009901	  0.960396	
  0.029703	  0.019802	  0.000000	  0.950495	
  0.019802	  0.000000	  0.920792	  0.059406	
  0.089109	  0.000000	  0.910891	  0.000000	
  0.000000	  0.910891	  0.019802	  0.069307	
  0.059406	  0.009901	  0.910891	  0.019802	
  0.158416	  0.019802	  0.801980	  0.019802	
  0.346535	  0.000000	  0.653465	  0.000000	
  0.940594	  0.000000	  0.059406	  0.000000	
  0.960396	  0.019802	  0.019802	  0.000000	
  0.980198	  0.000000	  0.009901	  0.009901	
  0.891089	  0.009901	  0.009901	  0.089109	

URL http://cisbp.ccbr.utoronto.ca/TFreport.php?versionNumber=2.00&searchTF=T018453_2.00

