MEME version 5.4.1 (Tue Mar 1 19:18:48 2022 -0800)

ALPHABET= ACGT

strands: + -

Background letter frequencies (from uniform background):
A 0.25000 C 0.25000 G 0.25000 T 0.25000 

MOTIF M06753_2.00 VIP1

letter-probability matrix: alength= 4 w= 14 nsites= 1 E= 0
  0.341404	  0.101695	  0.210654	  0.346247	
  0.099274	  0.108959	  0.048426	  0.743341	
  0.016949	  0.000000	  0.849879	  0.133172	
  0.508475	  0.481840	  0.009685	  0.000000	
  0.000000	  1.000000	  0.000000	  0.000000	
  1.000000	  0.000000	  0.000000	  0.000000	
  0.019370	  0.000000	  0.980630	  0.000000	
  0.000000	  0.978208	  0.009685	  0.012107	
  0.000000	  0.033898	  0.000000	  0.966102	
  0.101695	  0.096852	  0.753027	  0.048426	
  0.162228	  0.000000	  0.276029	  0.561743	
  0.341404	  0.261501	  0.169492	  0.227603	
  0.268765	  0.346247	  0.101695	  0.283293	
  0.404358	  0.220339	  0.121065	  0.254237	

URL http://cisbp.ccbr.utoronto.ca/TFreport.php?versionNumber=2.00&searchTF=T056866_2.00

