MEME version 5.4.1 (Tue Mar 1 19:18:48 2022 -0800)

ALPHABET= ACGT

strands: + -

Background letter frequencies (from uniform background):
A 0.25000 C 0.25000 G 0.25000 T 0.25000 

MOTIF M06783_2.00 TGA10

letter-probability matrix: alength= 4 w= 15 nsites= 1 E= 0
  0.322091	  0.139966	  0.310287	  0.227656	
  0.342327	  0.165261	  0.435076	  0.057336	
  0.035413	  0.080944	  0.000000	  0.883643	
  0.010118	  0.080944	  0.851602	  0.057336	
  0.969646	  0.001686	  0.008432	  0.020236	
  0.000000	  0.989882	  0.000000	  0.010118	
  0.055649	  0.001686	  0.942665	  0.000000	
  0.000000	  0.005059	  0.000000	  0.994941	
  0.065767	  0.927488	  0.000000	  0.006745	
  1.000000	  0.000000	  0.000000	  0.000000	
  0.000000	  0.129848	  0.337268	  0.532884	
  0.037099	  0.797640	  0.089376	  0.075885	
  0.504216	  0.091062	  0.205734	  0.198988	
  0.236088	  0.180438	  0.151771	  0.431703	
  0.188870	  0.364250	  0.121417	  0.325464	

URL http://cisbp.ccbr.utoronto.ca/TFreport.php?versionNumber=2.00&searchTF=T056918_2.00

