MEME version 5.4.1 (Tue Mar 1 19:18:48 2022 -0800)

ALPHABET= ACGT

strands: + -

Background letter frequencies (from uniform background):
A 0.25000 C 0.25000 G 0.25000 T 0.25000 

MOTIF M06709_2.00 AT4G33280

letter-probability matrix: alength= 4 w= 21 nsites= 1 E= 0
  0.235537	  0.057851	  0.020661	  0.685951	
  0.223140	  0.016529	  0.041322	  0.719009	
  0.136364	  0.045455	  0.045455	  0.772726	
  0.603305	  0.028926	  0.136364	  0.231405	
  0.095041	  0.528926	  0.041322	  0.334711	
  0.107438	  0.016529	  0.570248	  0.305785	
  0.078512	  0.004132	  0.309917	  0.607439	
  0.000000	  0.004132	  0.024793	  0.971075	
  0.000000	  0.004132	  0.000000	  0.995868	
  0.004132	  0.008264	  0.000000	  0.987604	
  0.000000	  0.008264	  0.000000	  0.991736	
  0.020661	  0.008264	  0.942149	  0.028926	
  0.049587	  0.000000	  0.946281	  0.004132	
  0.000000	  0.975207	  0.000000	  0.024793	
  0.024793	  0.000000	  0.971075	  0.004132	
  0.008264	  0.000000	  0.991736	  0.000000	
  0.128099	  0.004132	  0.867769	  0.000000	
  0.995868	  0.004132	  0.000000	  0.000000	
  0.995868	  0.004132	  0.000000	  0.000000	
  0.991736	  0.000000	  0.008264	  0.000000	
  0.904959	  0.033058	  0.000000	  0.061983	

URL http://cisbp.ccbr.utoronto.ca/TFreport.php?versionNumber=2.00&searchTF=T018465_2.00

