MEME version 5.4.1 (Tue Mar 1 19:18:48 2022 -0800)

ALPHABET= ACGT

strands: + -

Background letter frequencies (from uniform background):
A 0.25000 C 0.25000 G 0.25000 T 0.25000 

MOTIF M06791_2.00 AtbZIP3

letter-probability matrix: alength= 4 w= 15 nsites= 1 E= 0
  0.306620	  0.120209	  0.317073	  0.256098	
  0.346690	  0.165505	  0.189895	  0.297909	
  0.261324	  0.095819	  0.099303	  0.543554	
  0.047038	  0.017422	  0.764808	  0.170732	
  0.294425	  0.534843	  0.130662	  0.040070	
  0.066202	  0.097561	  0.001742	  0.834495	
  0.000000	  0.121951	  0.787457	  0.090592	
  1.000000	  0.000000	  0.000000	  0.000000	
  0.000000	  0.986063	  0.005226	  0.008711	
  0.005226	  0.013937	  0.977353	  0.003484	
  0.000000	  0.000000	  0.000000	  1.000000	
  0.000000	  0.000000	  1.000000	  0.000000	
  0.000000	  0.005226	  0.799652	  0.195122	
  0.224739	  0.750871	  0.003484	  0.020906	
  0.547038	  0.135889	  0.196864	  0.120209	

URL http://cisbp.ccbr.utoronto.ca/TFreport.php?versionNumber=2.00&searchTF=T056925_2.00

