MEME version 5.4.1 (Tue Mar 1 19:18:48 2022 -0800)

ALPHABET= ACGT

strands: + -

Background letter frequencies (from uniform background):
A 0.25000 C 0.25000 G 0.25000 T 0.25000 

MOTIF M06734_2.00 BHLH34

letter-probability matrix: alength= 4 w= 21 nsites= 1 E= 0
  0.263525	  0.183246	  0.356021	  0.197208	
  0.286213	  0.403141	  0.143106	  0.167539	
  0.364747	  0.230366	  0.265271	  0.139616	
  0.160558	  0.396161	  0.122164	  0.321117	
  0.179756	  0.193717	  0.490401	  0.136126	
  0.242583	  0.144852	  0.151832	  0.460733	
  0.176265	  0.085515	  0.582897	  0.155323	
  0.244328	  0.212914	  0.270506	  0.272251	
  0.317627	  0.275742	  0.158813	  0.247818	
  0.275742	  0.197208	  0.235602	  0.291449	
  0.263525	  0.136126	  0.342059	  0.258290	
  0.392670	  0.239092	  0.275742	  0.092496	
  0.000000	  0.998255	  0.000000	  0.001745	
  0.993020	  0.003490	  0.001745	  0.001745	
  0.000000	  1.000000	  0.000000	  0.000000	
  0.080279	  0.000000	  0.919721	  0.000000	
  0.010471	  0.097731	  0.006981	  0.884817	
  0.000000	  0.000000	  1.000000	  0.000000	
  0.136126	  0.378709	  0.108202	  0.376963	
  0.078534	  0.736474	  0.075044	  0.109948	
  0.417103	  0.148342	  0.174520	  0.260035	

URL http://cisbp.ccbr.utoronto.ca/TFreport.php?versionNumber=2.00&searchTF=T030645_2.00

