MEME version 5.4.1 (Tue Mar 1 19:18:48 2022 -0800)

ALPHABET= ACGT

strands: + -

Background letter frequencies (from uniform background):
A 0.25000 C 0.25000 G 0.25000 T 0.25000 

MOTIF M06746_2.00 AtbZIP52

letter-probability matrix: alength= 4 w= 14 nsites= 1 E= 0
  0.345000	  0.101667	  0.211667	  0.341667	
  0.113333	  0.051667	  0.095000	  0.740000	
  0.036667	  0.005000	  0.826666	  0.131667	
  0.608333	  0.391667	  0.000000	  0.000000	
  0.001667	  0.998333	  0.000000	  0.000000	
  1.000000	  0.000000	  0.000000	  0.000000	
  0.033333	  0.000000	  0.966667	  0.000000	
  0.008333	  0.840001	  0.118333	  0.033333	
  0.000000	  0.328333	  0.005000	  0.666667	
  0.121667	  0.135000	  0.373333	  0.370000	
  0.218333	  0.000000	  0.553334	  0.228333	
  0.150000	  0.183333	  0.296667	  0.370000	
  0.338333	  0.345000	  0.105000	  0.211667	
  0.440000	  0.188333	  0.121667	  0.250000	

URL http://cisbp.ccbr.utoronto.ca/TFreport.php?versionNumber=2.00&searchTF=T056857_2.00

