MEME version 5.4.1 (Tue Mar 1 19:18:48 2022 -0800)

ALPHABET= ACGT

strands: + -

Background letter frequencies (from uniform background):
A 0.25000 C 0.25000 G 0.25000 T 0.25000 

MOTIF M06704_2.00 VRN1

letter-probability matrix: alength= 4 w= 29 nsites= 1 E= 0
  0.196522	  0.106087	  0.102609	  0.594782	
  0.177391	  0.132174	  0.074783	  0.615652	
  0.198261	  0.102609	  0.066087	  0.633043	
  0.074783	  0.081739	  0.170435	  0.673043	
  0.116522	  0.102609	  0.017391	  0.763478	
  0.083478	  0.008696	  0.067826	  0.840000	
  0.017391	  0.090435	  0.038261	  0.853913	
  0.040000	  0.031304	  0.031304	  0.897392	
  0.060870	  0.000000	  0.040000	  0.899130	
  0.015652	  0.026087	  0.000000	  0.958261	
  0.000000	  0.000000	  0.024348	  0.975652	
  0.010435	  0.026087	  0.000000	  0.963478	
  0.010435	  0.006957	  0.008696	  0.973912	
  0.003478	  0.006957	  0.017391	  0.972174	
  0.013913	  0.000000	  0.013913	  0.972174	
  0.017391	  0.008696	  0.000000	  0.973913	
  0.000000	  0.012174	  0.000000	  0.987826	
  0.000000	  0.013913	  0.000000	  0.986087	
  0.000000	  0.003478	  0.006957	  0.989565	
  0.003478	  0.000000	  0.010435	  0.986087	
  0.000000	  0.000000	  0.000000	  1.000000	
  0.000000	  0.005217	  0.000000	  0.994783	
  0.000000	  0.000000	  0.000000	  1.000000	
  0.007593	  0.000233	  0.003711	  0.988463	
  0.000000	  0.029565	  0.008696	  0.961739	
  0.005217	  0.017391	  0.062609	  0.914783	
  0.057391	  0.000000	  0.332174	  0.610435	
  0.121739	  0.029565	  0.163478	  0.685218	
  0.144985	  0.360233	  0.231537	  0.263245	

URL http://cisbp.ccbr.utoronto.ca/TFreport.php?versionNumber=2.00&searchTF=T018434_2.00

