MEME version 5.4.1 (Tue Mar 1 19:18:48 2022 -0800)

ALPHABET= ACGT

strands: + -

Background letter frequencies (from uniform background):
A 0.25000 C 0.25000 G 0.25000 T 0.25000 

MOTIF M06707_2.00 NGA4

letter-probability matrix: alength= 4 w= 16 nsites= 1 E= 0
  0.215000	  0.330000	  0.133333	  0.321667	
  0.243333	  0.393333	  0.081667	  0.281667	
  0.140000	  0.148333	  0.091667	  0.620000	
  0.060000	  0.176667	  0.383333	  0.380000	
  0.198333	  0.115000	  0.258333	  0.428333	
  0.021667	  0.213333	  0.106667	  0.658333	
  0.000000	  1.000000	  0.000000	  0.000000	
  0.993334	  0.003333	  0.003333	  0.000000	
  0.003333	  0.000000	  0.981667	  0.015000	
  0.138333	  0.003333	  0.858334	  0.000000	
  0.070000	  0.020000	  0.033333	  0.876667	
  0.236667	  0.006667	  0.609999	  0.146667	
  0.363333	  0.138333	  0.243333	  0.255000	
  0.328333	  0.155000	  0.118333	  0.398333	
  0.321667	  0.098333	  0.118333	  0.461667	
  0.240000	  0.223333	  0.095000	  0.441667	

URL http://cisbp.ccbr.utoronto.ca/TFreport.php?versionNumber=2.00&searchTF=T018446_2.00

