MEME version 5.4.1 (Tue Mar 1 19:18:48 2022 -0800)

ALPHABET= ACGT

strands: + -

Background letter frequencies (from uniform background):
A 0.25000 C 0.25000 G 0.25000 T 0.25000 

MOTIF M06702_2.00 REM19

letter-probability matrix: alength= 4 w= 15 nsites= 1 E= 0
  0.090750	  0.151832	  0.089005	  0.668413	
  0.000000	  0.102967	  0.209424	  0.687609	
  0.209424	  0.059337	  0.055846	  0.675393	
  0.000000	  0.071553	  0.010471	  0.917976	
  0.101222	  0.015707	  0.027923	  0.855148	
  0.036649	  0.005236	  0.000000	  0.958115	
  0.010471	  0.000000	  0.076789	  0.912740	
  0.001745	  0.000000	  0.001745	  0.996510	
  0.043630	  0.012216	  0.106457	  0.837697	
  0.001745	  0.000000	  0.005236	  0.993019	
  0.000000	  0.167539	  0.045375	  0.787086	
  0.000000	  0.115183	  0.054101	  0.830716	
  0.000000	  0.109948	  0.385689	  0.504363	
  0.095986	  0.080279	  0.242583	  0.581152	
  0.017452	  0.324607	  0.157068	  0.500873	

URL http://cisbp.ccbr.utoronto.ca/TFreport.php?versionNumber=2.00&searchTF=T018398_2.00

