MEME version 5.4.1 (Tue Mar 1 19:18:48 2022 -0800)

ALPHABET= ACGT

strands: + -

Background letter frequencies (from uniform background):
A 0.25000 C 0.25000 G 0.25000 T 0.25000 

MOTIF M06752_2.00 BZIP68

letter-probability matrix: alength= 4 w= 15 nsites= 1 E= 0
  0.310000	  0.110000	  0.318333	  0.261667	
  0.375000	  0.136667	  0.203333	  0.285000	
  0.285000	  0.113333	  0.126667	  0.475000	
  0.123333	  0.046667	  0.573333	  0.256667	
  0.223333	  0.353333	  0.268333	  0.155000	
  0.215000	  0.238333	  0.001667	  0.545000	
  0.003333	  0.390000	  0.510000	  0.096667	
  0.998333	  0.001667	  0.000000	  0.000000	
  0.000000	  0.990000	  0.006667	  0.003333	
  0.010000	  0.006667	  0.981666	  0.001667	
  0.000000	  0.000000	  0.000000	  1.000000	
  0.003333	  0.000000	  0.996667	  0.000000	
  0.000000	  0.001667	  0.821666	  0.176667	
  0.160000	  0.836667	  0.000000	  0.003333	
  0.635000	  0.070000	  0.210000	  0.085000	

URL http://cisbp.ccbr.utoronto.ca/TFreport.php?versionNumber=2.00&searchTF=T056863_2.00

