MEME version 5.4.1 (Tue Mar 1 19:18:48 2022 -0800)

ALPHABET= ACGT

strands: + -

Background letter frequencies (from uniform background):
A 0.25000 C 0.25000 G 0.25000 T 0.25000 

MOTIF M06790_2.00 HY5

letter-probability matrix: alength= 4 w= 15 nsites= 1 E= 0
  0.338624	  0.097002	  0.312169	  0.252205	
  0.329806	  0.158730	  0.229277	  0.282187	
  0.144621	  0.165785	  0.114638	  0.574956	
  0.074074	  0.021164	  0.881834	  0.022928	
  0.576719	  0.165785	  0.215168	  0.042328	
  0.005291	  0.051146	  0.003527	  0.940036	
  0.000000	  0.000000	  0.964727	  0.035273	
  0.998236	  0.000000	  0.001764	  0.000000	
  0.000000	  0.989418	  0.000000	  0.010582	
  0.000000	  0.005291	  0.994709	  0.000000	
  0.000000	  0.000000	  0.000000	  1.000000	
  0.033510	  0.269841	  0.691358	  0.005291	
  0.232804	  0.000000	  0.552028	  0.215168	
  0.183422	  0.647266	  0.024691	  0.144621	
  0.331570	  0.343915	  0.148148	  0.176367	

URL http://cisbp.ccbr.utoronto.ca/TFreport.php?versionNumber=2.00&searchTF=T056924_2.00

