MEME version 5.4.1 (Tue Mar 1 19:18:48 2022 -0800)

ALPHABET= ACGT

strands: + -

Background letter frequencies (from uniform background):
A 0.25000 C 0.25000 G 0.25000 T 0.25000 

MOTIF M06717_2.00 BPC5

letter-probability matrix: alength= 4 w= 30 nsites= 1 E= 0
  0.931373	  0.000000	  0.068627	  0.000000	
  0.029412	  0.000000	  0.970588	  0.000000	
  1.000000	  0.000000	  0.000000	  0.000000	
  0.019608	  0.000000	  0.960784	  0.019608	
  0.980392	  0.000000	  0.000000	  0.019608	
  0.009804	  0.000000	  0.970588	  0.019608	
  0.970588	  0.000000	  0.000000	  0.029412	
  0.000000	  0.009804	  0.980392	  0.009804	
  0.970588	  0.000000	  0.019608	  0.009804	
  0.009804	  0.009804	  0.980392	  0.000000	
  1.000000	  0.000000	  0.000000	  0.000000	
  0.000000	  0.000000	  1.000000	  0.000000	
  1.000000	  0.000000	  0.000000	  0.000000	
  0.039216	  0.000000	  0.950980	  0.009804	
  0.990196	  0.000000	  0.009804	  0.000000	
  0.019608	  0.000000	  0.980392	  0.000000	
  0.990196	  0.000000	  0.009804	  0.000000	
  0.009804	  0.009804	  0.980392	  0.000000	
  0.960784	  0.000000	  0.009804	  0.029412	
  0.009804	  0.009804	  0.970588	  0.009804	
  0.990196	  0.000000	  0.009804	  0.000000	
  0.000000	  0.009804	  0.990196	  0.000000	
  0.980392	  0.000000	  0.000000	  0.019608	
  0.009804	  0.009804	  0.970588	  0.009804	
  0.960784	  0.000000	  0.029412	  0.009804	
  0.009804	  0.009804	  0.970588	  0.009804	
  0.960784	  0.000000	  0.000000	  0.039216	
  0.000000	  0.039216	  0.960784	  0.000000	
  0.980392	  0.019608	  0.000000	  0.000000	
  0.049020	  0.029412	  0.892156	  0.029412	

URL http://cisbp.ccbr.utoronto.ca/TFreport.php?versionNumber=2.00&searchTF=T024521_2.00

