MEME version 5.4.1 (Tue Mar 1 19:18:48 2022 -0800)

ALPHABET= ACGT

strands: + -

Background letter frequencies (from uniform background):
A 0.25000 C 0.25000 G 0.25000 T 0.25000 

MOTIF M06727_2.00 BIM2

letter-probability matrix: alength= 4 w= 19 nsites= 1 E= 0
  0.000000	  0.998291	  0.000000	  0.001709	
  0.977778	  0.010256	  0.011966	  0.000000	
  0.000000	  0.960684	  0.000000	  0.039316	
  0.003419	  0.000000	  0.996581	  0.000000	
  0.000000	  0.006838	  0.000000	  0.993162	
  0.001709	  0.000000	  0.998291	  0.000000	
  0.311111	  0.372650	  0.119658	  0.196581	
  0.105983	  0.497436	  0.164103	  0.232479	
  0.338462	  0.217094	  0.188034	  0.256410	
  0.223932	  0.302564	  0.148718	  0.324786	
  0.271795	  0.193162	  0.249573	  0.285470	
  0.145299	  0.485470	  0.157265	  0.211966	
  0.411966	  0.211966	  0.237607	  0.138462	
  0.155556	  0.488889	  0.128205	  0.227350	
  0.162393	  0.276923	  0.423932	  0.136752	
  0.188034	  0.252991	  0.189744	  0.369231	
  0.215385	  0.160684	  0.336752	  0.287179	
  0.191453	  0.285470	  0.312821	  0.210256	
  0.237607	  0.323077	  0.158974	  0.280342	

URL http://cisbp.ccbr.utoronto.ca/TFreport.php?versionNumber=2.00&searchTF=T030610_2.00

