MEME version 5.4.1 (Tue Mar 1 19:18:48 2022 -0800)

ALPHABET= ACGT

strands: + -

Background letter frequencies (from uniform background):
A 0.25000 C 0.25000 G 0.25000 T 0.25000 

MOTIF M06758_2.00 TGA7

letter-probability matrix: alength= 4 w= 14 nsites= 1 E= 0
  0.152397	  0.345890	  0.320205	  0.181507	
  0.083904	  0.450342	  0.013699	  0.452055	
  0.183219	  0.285959	  0.397260	  0.133562	
  0.727740	  0.152397	  0.001712	  0.118151	
  0.001712	  0.993151	  0.005137	  0.000000	
  0.166096	  0.023973	  0.799657	  0.010274	
  0.000000	  0.119863	  0.000000	  0.880137	
  0.035959	  0.964041	  0.000000	  0.000000	
  0.969178	  0.008562	  0.000000	  0.022260	
  0.013699	  0.323630	  0.215753	  0.446918	
  0.039384	  0.830479	  0.073630	  0.056507	
  0.554794	  0.094178	  0.191781	  0.159247	
  0.176370	  0.315068	  0.131849	  0.376712	
  0.107877	  0.625000	  0.101027	  0.166096	

URL http://cisbp.ccbr.utoronto.ca/TFreport.php?versionNumber=2.00&searchTF=T056874_2.00

