MEME version 5.4.1 (Tue Mar 1 19:18:48 2022 -0800)

ALPHABET= ACGT

strands: + -

Background letter frequencies (from uniform background):
A 0.25000 C 0.25000 G 0.25000 T 0.25000 

MOTIF M06773_2.00 TGA6

letter-probability matrix: alength= 4 w= 15 nsites= 1 E= 0
  0.320690	  0.120690	  0.308621	  0.250000	
  0.437931	  0.134483	  0.410345	  0.017241	
  0.000000	  0.000000	  0.000000	  1.000000	
  0.001724	  0.000000	  0.993104	  0.005172	
  0.996552	  0.000000	  0.003448	  0.000000	
  0.000000	  0.967241	  0.000000	  0.032759	
  0.034483	  0.001724	  0.963793	  0.000000	
  0.000000	  0.000000	  0.000000	  1.000000	
  0.122414	  0.860344	  0.010345	  0.006897	
  0.968965	  0.000000	  0.010345	  0.020690	
  0.003448	  0.125862	  0.348276	  0.522414	
  0.048276	  0.748275	  0.106897	  0.096552	
  0.505173	  0.074138	  0.203448	  0.217241	
  0.251724	  0.163793	  0.150000	  0.434483	
  0.231034	  0.313793	  0.131034	  0.324138	

URL http://cisbp.ccbr.utoronto.ca/TFreport.php?versionNumber=2.00&searchTF=T056894_2.00

