MEME version 5.4.1 (Tue Mar 1 19:18:48 2022 -0800)

ALPHABET= ACGT

strands: + -

Background letter frequencies (from uniform background):
A 0.25000 C 0.25000 G 0.25000 T 0.25000 

MOTIF M06712_2.00 AT5G60130

letter-probability matrix: alength= 4 w= 19 nsites= 1 E= 0
  0.273333	  0.043333	  0.040000	  0.643334	
  0.156667	  0.018333	  0.030000	  0.795000	
  0.071667	  0.041667	  0.025000	  0.861666	
  0.041667	  0.018333	  0.040000	  0.900000	
  0.111667	  0.258333	  0.440000	  0.190000	
  0.040000	  0.938333	  0.000000	  0.021667	
  0.115000	  0.040000	  0.010000	  0.835000	
  0.093333	  0.140000	  0.036667	  0.730000	
  0.473333	  0.145000	  0.133333	  0.248333	
  0.246667	  0.120000	  0.265000	  0.368333	
  0.306667	  0.136667	  0.195000	  0.361667	
  0.293333	  0.043333	  0.036667	  0.626667	
  0.196667	  0.015000	  0.000000	  0.788333	
  0.108333	  0.040000	  0.001667	  0.850000	
  0.026667	  0.055000	  0.031667	  0.886666	
  0.125000	  0.213333	  0.460000	  0.201667	
  0.048333	  0.896667	  0.020000	  0.035000	
  0.101667	  0.095000	  0.030000	  0.773333	
  0.108333	  0.138333	  0.051667	  0.701667	

URL http://cisbp.ccbr.utoronto.ca/TFreport.php?versionNumber=2.00&searchTF=T018483_2.00

