MEME version 5.4.1 (Tue Mar 1 19:18:48 2022 -0800)

ALPHABET= ACGT

strands: + -

Background letter frequencies (from uniform background):
A 0.25000 C 0.25000 G 0.25000 T 0.25000 

MOTIF M06719_2.00 BPC6

letter-probability matrix: alength= 4 w= 21 nsites= 1 E= 0
  0.074468	  0.005319	  0.654256	  0.265957	
  0.962767	  0.010638	  0.010638	  0.015957	
  0.063830	  0.000000	  0.904255	  0.031915	
  0.925532	  0.000000	  0.031915	  0.042553	
  0.015957	  0.026596	  0.893617	  0.063830	
  0.962766	  0.000000	  0.015957	  0.021277	
  0.037234	  0.000000	  0.898936	  0.063830	
  0.994681	  0.000000	  0.005319	  0.000000	
  0.000000	  0.000000	  0.989362	  0.010638	
  0.989362	  0.000000	  0.000000	  0.010638	
  0.101064	  0.000000	  0.893617	  0.005319	
  0.994681	  0.000000	  0.005319	  0.000000	
  0.042553	  0.010638	  0.941490	  0.005319	
  0.952128	  0.005319	  0.031915	  0.010638	
  0.132979	  0.015957	  0.851064	  0.000000	
  0.930851	  0.026596	  0.010638	  0.031915	
  0.143617	  0.037234	  0.755319	  0.063830	
  0.856383	  0.026596	  0.037234	  0.079787	
  0.021277	  0.053191	  0.856383	  0.069149	
  0.803191	  0.000000	  0.101064	  0.095745	
  0.148936	  0.010638	  0.712766	  0.127660	

URL http://cisbp.ccbr.utoronto.ca/TFreport.php?versionNumber=2.00&searchTF=T024522_2.00

