MEME version 5.4.1 (Tue Mar 1 19:18:48 2022 -0800)

ALPHABET= ACGT

strands: + -

Background letter frequencies (from uniform background):
A 0.25000 C 0.25000 G 0.25000 T 0.25000 

MOTIF M06764_2.00 BZIP16

letter-probability matrix: alength= 4 w= 15 nsites= 1 E= 0
  0.363484	  0.097152	  0.266332	  0.273032	
  0.381910	  0.108878	  0.184255	  0.324958	
  0.303183	  0.083752	  0.127303	  0.485762	
  0.087102	  0.020101	  0.608040	  0.284757	
  0.221106	  0.385260	  0.293132	  0.100503	
  0.160804	  0.236181	  0.000000	  0.603015	
  0.000000	  0.348409	  0.569514	  0.082077	
  1.000000	  0.000000	  0.000000	  0.000000	
  0.000000	  0.991625	  0.000000	  0.008375	
  0.008375	  0.000000	  0.991625	  0.000000	
  0.000000	  0.000000	  0.000000	  1.000000	
  0.000000	  0.000000	  1.000000	  0.000000	
  0.000000	  0.000000	  0.850921	  0.149079	
  0.097152	  0.902848	  0.000000	  0.000000	
  0.735343	  0.068677	  0.150754	  0.045226	

URL http://cisbp.ccbr.utoronto.ca/TFreport.php?versionNumber=2.00&searchTF=T056886_2.00

