MEME version 5.4.1 (Tue Mar 1 19:18:48 2022 -0800)

ALPHABET= ACGT

strands: + -

Background letter frequencies (from uniform background):
A 0.25000 C 0.25000 G 0.25000 T 0.25000 

MOTIF M06795_2.00 MGP

letter-probability matrix: alength= 4 w= 20 nsites= 1 E= 0
  0.267677	  0.175084	  0.114478	  0.442761	
  0.274411	  0.158249	  0.134680	  0.432660	
  0.237374	  0.188552	  0.121212	  0.452862	
  0.276094	  0.114478	  0.129630	  0.479798	
  0.234007	  0.094276	  0.134680	  0.537037	
  0.106061	  0.031987	  0.047138	  0.814814	
  0.005051	  0.026936	  0.015152	  0.952861	
  0.000000	  0.006734	  0.005051	  0.988215	
  0.000000	  0.026936	  0.000000	  0.973064	
  0.000000	  0.000000	  1.000000	  0.000000	
  0.000000	  0.001684	  0.000000	  0.998316	
  0.000000	  1.000000	  0.000000	  0.000000	
  0.016835	  0.087542	  0.638047	  0.257576	
  0.001684	  0.033670	  0.035354	  0.929292	
  0.124579	  0.122896	  0.043771	  0.708754	
  0.134680	  0.003367	  0.000000	  0.861953	
  0.213805	  0.084175	  0.025253	  0.676767	
  0.139731	  0.311448	  0.308081	  0.240741	
  0.070707	  0.234007	  0.084175	  0.611111	
  0.259259	  0.084175	  0.341751	  0.314815	

URL http://cisbp.ccbr.utoronto.ca/TFreport.php?versionNumber=2.00&searchTF=T080824_2.00

