MEME version 5.4.1 (Tue Mar 1 19:18:48 2022 -0800)

ALPHABET= ACGT

strands: + -

Background letter frequencies (from uniform background):
A 0.25000 C 0.25000 G 0.25000 T 0.25000 

MOTIF M06793_2.00 TGA1

letter-probability matrix: alength= 4 w= 15 nsites= 1 E= 0
  0.402337	  0.150250	  0.123539	  0.323873	
  0.325543	  0.148581	  0.222037	  0.303840	
  0.280467	  0.105175	  0.327212	  0.287145	
  0.407346	  0.180301	  0.368948	  0.043406	
  0.038397	  0.030050	  0.000000	  0.931553	
  0.003339	  0.046745	  0.863105	  0.086811	
  0.996661	  0.000000	  0.000000	  0.003339	
  0.000000	  0.974958	  0.000000	  0.025042	
  0.101836	  0.003339	  0.894825	  0.000000	
  0.000000	  0.003339	  0.000000	  0.996661	
  0.080134	  0.919866	  0.000000	  0.000000	
  1.000000	  0.000000	  0.000000	  0.000000	
  0.000000	  0.085142	  0.347245	  0.567613	
  0.046745	  0.767946	  0.075125	  0.110184	
  0.602672	  0.098497	  0.135225	  0.163606	

URL http://cisbp.ccbr.utoronto.ca/TFreport.php?versionNumber=2.00&searchTF=T056933_2.00

