MEME version 5.4.1 (Tue Mar 1 19:18:48 2022 -0800)

ALPHABET= ACGT

strands: + -

Background letter frequencies (from uniform background):
A 0.25000 C 0.25000 G 0.25000 T 0.25000 

MOTIF M06805_2.00 SGR5

letter-probability matrix: alength= 4 w= 15 nsites= 1 E= 0
  0.315000	  0.071667	  0.138333	  0.475000	
  0.195000	  0.035000	  0.056667	  0.713333	
  0.031667	  0.018333	  0.016667	  0.933333	
  0.001667	  0.000000	  0.001667	  0.996666	
  0.000000	  0.011667	  0.001667	  0.986666	
  0.000000	  0.001667	  0.998333	  0.000000	
  0.005000	  0.000000	  0.010000	  0.985000	
  0.001667	  0.943333	  0.000000	  0.055000	
  0.070000	  0.036667	  0.006667	  0.886666	
  0.000000	  0.153333	  0.036667	  0.810000	
  0.411667	  0.045000	  0.026667	  0.516666	
  0.205000	  0.073333	  0.000000	  0.721667	
  0.160000	  0.193333	  0.080000	  0.566667	
  0.066667	  0.266667	  0.095000	  0.571666	
  0.235000	  0.066667	  0.210000	  0.488333	

URL http://cisbp.ccbr.utoronto.ca/TFreport.php?versionNumber=2.00&searchTF=T080838_2.00

