MEME version 5.4.1 (Tue Mar 1 19:18:48 2022 -0800)

ALPHABET= ACGT

strands: + -

Background letter frequencies (from uniform background):
A 0.25000 C 0.25000 G 0.25000 T 0.25000 

MOTIF M06856_2.00 DOF4.2

letter-probability matrix: alength= 4 w= 19 nsites= 1 E= 0
  0.198997	  0.200669	  0.157191	  0.443144	
  0.198997	  0.198997	  0.125418	  0.476589	
  0.244147	  0.175585	  0.073579	  0.506689	
  0.215719	  0.083612	  0.110368	  0.590301	
  0.163880	  0.120401	  0.063545	  0.652174	
  0.204013	  0.117057	  0.100334	  0.578596	
  0.381271	  0.046823	  0.423077	  0.148829	
  0.038462	  0.774247	  0.000000	  0.187291	
  0.000000	  1.000000	  0.000000	  0.000000	
  0.000000	  0.000000	  0.000000	  1.000000	
  0.000000	  0.000000	  0.000000	  1.000000	
  0.000000	  0.000000	  0.000000	  1.000000	
  0.030100	  0.000000	  0.000000	  0.969900	
  0.058528	  0.080268	  0.063545	  0.797659	
  0.180602	  0.277592	  0.183946	  0.357860	
  0.237458	  0.242475	  0.125418	  0.394649	
  0.190635	  0.180602	  0.122074	  0.506689	
  0.205686	  0.160535	  0.163880	  0.469900	
  0.224080	  0.177258	  0.117057	  0.481605	

URL http://cisbp.ccbr.utoronto.ca/TFreport.php?versionNumber=2.00&searchTF=T170172_2.00

