MEME version 5.4.1 (Tue Mar 1 19:18:48 2022 -0800)

ALPHABET= ACGT

strands: + -

Background letter frequencies (from uniform background):
A 0.25000 C 0.25000 G 0.25000 T 0.25000 

MOTIF M06863_2.00 DOF5.1

letter-probability matrix: alength= 4 w= 21 nsites= 1 E= 0
  0.182524	  0.231068	  0.075728	  0.510680	
  0.079612	  0.271845	  0.114563	  0.533980	
  0.229126	  0.213592	  0.052427	  0.504855	
  0.040777	  0.201942	  0.087379	  0.669902	
  0.180583	  0.141748	  0.000000	  0.677669	
  0.130097	  0.200000	  0.031068	  0.638835	
  0.188350	  0.186408	  0.118447	  0.506795	
  0.201942	  0.289320	  0.071845	  0.436893	
  0.168932	  0.155340	  0.038835	  0.636893	
  0.110680	  0.192233	  0.075728	  0.621359	
  0.052427	  0.112621	  0.147573	  0.687379	
  0.081553	  0.201942	  0.000000	  0.716505	
  0.236893	  0.137864	  0.031068	  0.594175	
  0.368932	  0.159223	  0.180583	  0.291262	
  0.003883	  0.992234	  0.000000	  0.003883	
  0.000000	  0.095146	  0.003883	  0.900971	
  0.019417	  0.000000	  0.000000	  0.980583	
  0.003883	  0.001942	  0.000000	  0.994175	
  0.166990	  0.025243	  0.007767	  0.800000	
  0.087379	  0.174757	  0.048544	  0.689320	
  0.186408	  0.225243	  0.166990	  0.421359	

URL http://cisbp.ccbr.utoronto.ca/TFreport.php?versionNumber=2.00&searchTF=T170178_2.00

