MEME version 5.4.1 (Tue Mar 1 19:18:48 2022 -0800)

ALPHABET= ACGT

strands: + -

Background letter frequencies (from uniform background):
A 0.25000 C 0.25000 G 0.25000 T 0.25000 

MOTIF M06891_2.00 GATA4

letter-probability matrix: alength= 4 w= 15 nsites= 1 E= 0
  0.267677	  0.170034	  0.065657	  0.496633	
  0.168350	  0.259259	  0.134680	  0.437710	
  0.170034	  0.306397	  0.134680	  0.388889	
  0.058923	  0.461279	  0.106061	  0.373737	
  0.572390	  0.104377	  0.274411	  0.048822	
  0.048822	  0.000000	  0.951178	  0.000000	
  1.000000	  0.000000	  0.000000	  0.000000	
  0.000000	  0.000000	  0.000000	  1.000000	
  0.000000	  0.944444	  0.000000	  0.055556	
  0.000000	  0.319865	  0.072391	  0.607744	
  0.410774	  0.015152	  0.574074	  0.000000	
  0.535353	  0.015152	  0.363636	  0.085859	
  0.513468	  0.040404	  0.038721	  0.407407	
  0.053872	  0.281145	  0.030303	  0.634680	
  0.119529	  0.505050	  0.053872	  0.321549	

URL http://cisbp.ccbr.utoronto.ca/TFreport.php?versionNumber=2.00&searchTF=T191719_2.00

