MEME version 5.4.1 (Tue Mar 1 19:18:48 2022 -0800)

ALPHABET= ACGT

strands: + -

Background letter frequencies (from uniform background):
A 0.25000 C 0.25000 G 0.25000 T 0.25000 

MOTIF M06897_2.00 GATA16

letter-probability matrix: alength= 4 w= 27 nsites= 1 E= 0
  0.854167	  0.000000	  0.062500	  0.083333	
  0.041667	  0.000000	  0.000000	  0.958333	
  0.020833	  0.041667	  0.916667	  0.020833	
  0.875000	  0.000000	  0.125000	  0.000000	
  0.020833	  0.083333	  0.000000	  0.895834	
  0.000000	  0.166667	  0.770833	  0.062500	
  0.916667	  0.000000	  0.083333	  0.000000	
  0.000000	  0.000000	  0.000000	  1.000000	
  0.020833	  0.083333	  0.770834	  0.125000	
  0.937500	  0.000000	  0.000000	  0.062500	
  0.000000	  0.041667	  0.125000	  0.833333	
  0.083333	  0.187500	  0.687500	  0.041667	
  0.937500	  0.000000	  0.041667	  0.020833	
  0.020833	  0.125000	  0.000000	  0.854167	
  0.125000	  0.104167	  0.750000	  0.020833	
  0.895833	  0.062500	  0.041667	  0.000000	
  0.000000	  0.000000	  0.000000	  1.000000	
  0.020833	  0.208333	  0.770834	  0.000000	
  0.937500	  0.000000	  0.041667	  0.020833	
  0.041667	  0.000000	  0.020833	  0.937500	
  0.000000	  0.083333	  0.854167	  0.062500	
  0.854167	  0.000000	  0.083333	  0.062500	
  0.104167	  0.041667	  0.083333	  0.770833	
  0.062500	  0.270833	  0.666667	  0.000000	
  0.812500	  0.062500	  0.020833	  0.104167	
  0.125000	  0.020833	  0.020833	  0.833334	
  0.000000	  0.020833	  0.916667	  0.062500	

URL http://cisbp.ccbr.utoronto.ca/TFreport.php?versionNumber=2.00&searchTF=T191731_2.00

