MEME version 5.4.1 (Tue Mar 1 19:18:48 2022 -0800)

ALPHABET= ACGT

strands: + -

Background letter frequencies (from uniform background):
A 0.25000 C 0.25000 G 0.25000 T 0.25000 

MOTIF M06849_2.00 CDF3

letter-probability matrix: alength= 4 w= 19 nsites= 1 E= 0
  0.138333	  0.146667	  0.115000	  0.600000	
  0.248333	  0.081667	  0.106667	  0.563333	
  0.143333	  0.060000	  0.143333	  0.653334	
  0.191667	  0.045000	  0.235000	  0.528333	
  0.145000	  0.546667	  0.033333	  0.275000	
  0.640001	  0.218333	  0.093333	  0.048333	
  0.000000	  1.000000	  0.000000	  0.000000	
  0.000000	  0.026667	  0.000000	  0.973333	
  0.000000	  0.000000	  0.000000	  1.000000	
  0.000000	  0.000000	  0.000000	  1.000000	
  0.141667	  0.005000	  0.000000	  0.853333	
  0.058333	  0.131667	  0.051667	  0.758333	
  0.231667	  0.291667	  0.240000	  0.236667	
  0.223333	  0.296667	  0.155000	  0.325000	
  0.196667	  0.228333	  0.121667	  0.453333	
  0.190000	  0.248333	  0.060000	  0.501667	
  0.178333	  0.188333	  0.078333	  0.555001	
  0.195000	  0.195000	  0.045000	  0.565000	
  0.205000	  0.118333	  0.088333	  0.588334	

URL http://cisbp.ccbr.utoronto.ca/TFreport.php?versionNumber=2.00&searchTF=T170166_2.00

