MEME version 5.4.1 (Tue Mar 1 19:18:48 2022 -0800)

ALPHABET= ACGT

strands: + -

Background letter frequencies (from uniform background):
A 0.25000 C 0.25000 G 0.25000 T 0.25000 

MOTIF M06892_2.00 ZIM

letter-probability matrix: alength= 4 w= 15 nsites= 1 E= 0
  0.895447	  0.028668	  0.045531	  0.030354	
  0.293423	  0.008432	  0.021922	  0.676223	
  0.008432	  0.676223	  0.001686	  0.313659	
  0.021922	  0.549748	  0.327150	  0.101180	
  0.666104	  0.000000	  0.291737	  0.042159	
  0.994941	  0.000000	  0.000000	  0.005059	
  0.018550	  0.978077	  0.000000	  0.003373	
  0.005059	  0.000000	  0.993255	  0.001686	
  0.018550	  0.008432	  0.971332	  0.001686	
  0.020236	  0.431703	  0.000000	  0.548061	
  0.003373	  0.332209	  0.086003	  0.578415	
  0.296796	  0.247892	  0.414840	  0.040472	
  0.640809	  0.057336	  0.146712	  0.155143	
  0.123103	  0.042159	  0.699831	  0.134907	
  0.919056	  0.011804	  0.055649	  0.013491	

URL http://cisbp.ccbr.utoronto.ca/TFreport.php?versionNumber=2.00&searchTF=T191722_2.00

