MEME version 5.4.1 (Tue Mar 1 19:18:48 2022 -0800)

ALPHABET= ACGT

strands: + -

Background letter frequencies (from uniform background):
A 0.25000 C 0.25000 G 0.25000 T 0.25000 

MOTIF M06886_2.00 GATA15

letter-probability matrix: alength= 4 w= 19 nsites= 1 E= 0
  0.105263	  0.058480	  0.780701	  0.055556	
  0.845029	  0.005848	  0.023392	  0.125731	
  0.052632	  0.061404	  0.038012	  0.847952	
  0.005848	  0.175439	  0.707602	  0.111111	
  0.856725	  0.038012	  0.076023	  0.029240	
  0.099415	  0.049708	  0.011696	  0.839181	
  0.052632	  0.032164	  0.871344	  0.043860	
  0.894736	  0.020468	  0.049708	  0.035088	
  0.055556	  0.038012	  0.005848	  0.900584	
  0.049708	  0.178363	  0.710525	  0.061404	
  0.856725	  0.017544	  0.073099	  0.052632	
  0.055556	  0.011696	  0.020468	  0.912280	
  0.052632	  0.043860	  0.883040	  0.020468	
  0.961988	  0.000000	  0.035088	  0.002924	
  0.011696	  0.020468	  0.000000	  0.967836	
  0.023392	  0.210526	  0.745614	  0.020468	
  0.941520	  0.000000	  0.046784	  0.011696	
  0.040936	  0.014620	  0.000000	  0.944444	
  0.043860	  0.251462	  0.695906	  0.008772	

URL http://cisbp.ccbr.utoronto.ca/TFreport.php?versionNumber=2.00&searchTF=T191711_2.00

