MEME version 5.4.1 (Tue Mar 1 19:18:48 2022 -0800)

ALPHABET= ACGT

strands: + -

Background letter frequencies (from uniform background):
A 0.25000 C 0.25000 G 0.25000 T 0.25000 

MOTIF M06801_2.00 STOP1

letter-probability matrix: alength= 4 w= 19 nsites= 1 E= 0
  0.101695	  0.830509	  0.033898	  0.033898	
  0.000000	  0.983051	  0.000000	  0.016949	
  0.000000	  0.118644	  0.118644	  0.762712	
  0.101695	  0.220339	  0.237288	  0.440678	
  0.050847	  0.779661	  0.067797	  0.101695	
  0.406780	  0.576271	  0.000000	  0.016949	
  0.000000	  0.779661	  0.000000	  0.220339	
  0.016949	  0.813560	  0.016949	  0.152542	
  0.779661	  0.033898	  0.169492	  0.016949	
  0.118644	  0.033898	  0.762712	  0.084746	
  0.508474	  0.084746	  0.169492	  0.237288	
  0.152542	  0.033898	  0.000000	  0.813560	
  0.525424	  0.118644	  0.338983	  0.016949	
  0.372881	  0.305085	  0.118644	  0.203390	
  0.576270	  0.169492	  0.067797	  0.186441	
  0.559322	  0.322034	  0.118644	  0.000000	
  0.118644	  0.847458	  0.000000	  0.033898	
  0.016949	  0.694915	  0.000000	  0.288136	
  0.084746	  0.237288	  0.135593	  0.542373	

URL http://cisbp.ccbr.utoronto.ca/TFreport.php?versionNumber=2.00&searchTF=T080833_2.00

