MEME version 5.4.1 (Tue Mar 1 19:18:48 2022 -0800)

ALPHABET= ACGT

strands: + -

Background letter frequencies (from uniform background):
A 0.25000 C 0.25000 G 0.25000 T 0.25000 

MOTIF M06803_2.00 IDD7

letter-probability matrix: alength= 4 w= 18 nsites= 1 E= 0
  0.235897	  0.184615	  0.162393	  0.417094	
  0.305983	  0.105983	  0.131624	  0.456410	
  0.234188	  0.112821	  0.152137	  0.500854	
  0.136752	  0.066667	  0.042735	  0.753846	
  0.008547	  0.049573	  0.018803	  0.923077	
  0.001709	  0.010256	  0.003419	  0.984616	
  0.000000	  0.018803	  0.000000	  0.981197	
  0.000000	  0.000000	  1.000000	  0.000000	
  0.001709	  0.000000	  0.015385	  0.982906	
  0.000000	  0.996581	  0.000000	  0.003419	
  0.029060	  0.097436	  0.641025	  0.232479	
  0.005128	  0.039316	  0.052991	  0.902565	
  0.041026	  0.150427	  0.083761	  0.724786	
  0.162393	  0.000000	  0.001709	  0.835898	
  0.249573	  0.061538	  0.005128	  0.683761	
  0.117949	  0.336752	  0.382906	  0.162393	
  0.030769	  0.261538	  0.034188	  0.673505	
  0.203419	  0.075214	  0.396581	  0.324786	

URL http://cisbp.ccbr.utoronto.ca/TFreport.php?versionNumber=2.00&searchTF=T080835_2.00

