MEME version 5.4.1 (Tue Mar 1 19:18:48 2022 -0800)

ALPHABET= ACGT

strands: + -

Background letter frequencies (from uniform background):
A 0.25000 C 0.25000 G 0.25000 T 0.25000 

MOTIF M06877_2.00 EIL3

letter-probability matrix: alength= 4 w= 21 nsites= 1 E= 0
  0.265957	  0.212766	  0.319149	  0.202128	
  0.095745	  0.340426	  0.031915	  0.531914	
  0.031915	  0.000000	  0.957447	  0.010638	
  0.074468	  0.000000	  0.138298	  0.787234	
  0.010638	  0.914894	  0.074468	  0.000000	
  0.042553	  0.414894	  0.000000	  0.542553	
  0.840426	  0.053191	  0.000000	  0.106383	
  0.063830	  0.074468	  0.808511	  0.053191	
  0.457447	  0.000000	  0.489362	  0.053191	
  0.000000	  0.000000	  0.000000	  1.000000	
  0.212766	  0.042553	  0.085106	  0.659575	
  0.000000	  1.000000	  0.000000	  0.000000	
  0.851063	  0.031915	  0.021277	  0.095745	
  0.276596	  0.106383	  0.095745	  0.521276	
  0.255319	  0.106383	  0.170213	  0.468085	
  0.287234	  0.127660	  0.361702	  0.223404	
  0.393617	  0.106383	  0.106383	  0.393617	
  0.446809	  0.223404	  0.117021	  0.212766	
  0.244681	  0.138298	  0.212766	  0.404255	
  0.276596	  0.361702	  0.095745	  0.265957	
  0.180851	  0.170213	  0.095745	  0.553191	

URL http://cisbp.ccbr.utoronto.ca/TFreport.php?versionNumber=2.00&searchTF=T174989_2.00

