MEME version 5.4.1 (Tue Mar 1 19:18:48 2022 -0800)

ALPHABET= ACGT

strands: + -

Background letter frequencies (from uniform background):
A 0.25000 C 0.25000 G 0.25000 T 0.25000 

MOTIF M06835_2.00 DOF1.8

letter-probability matrix: alength= 4 w= 19 nsites= 1 E= 0
  0.288333	  0.130000	  0.085000	  0.496667	
  0.258333	  0.105000	  0.096667	  0.540000	
  0.193333	  0.083333	  0.098333	  0.625001	
  0.093333	  0.208333	  0.021667	  0.676667	
  0.388333	  0.176667	  0.046667	  0.388333	
  0.530000	  0.280000	  0.101667	  0.088333	
  0.000000	  1.000000	  0.000000	  0.000000	
  0.000000	  0.000000	  0.000000	  1.000000	
  0.000000	  0.000000	  0.000000	  1.000000	
  0.000000	  0.000000	  0.000000	  1.000000	
  0.145000	  0.000000	  0.000000	  0.855000	
  0.031667	  0.078333	  0.045000	  0.845000	
  0.210000	  0.213333	  0.281667	  0.295000	
  0.231667	  0.228333	  0.185000	  0.355000	
  0.198333	  0.188333	  0.133333	  0.480000	
  0.215000	  0.175000	  0.111667	  0.498333	
  0.201667	  0.181667	  0.146667	  0.470000	
  0.286667	  0.181667	  0.106667	  0.425000	
  0.278333	  0.133333	  0.083333	  0.505001	

URL http://cisbp.ccbr.utoronto.ca/TFreport.php?versionNumber=2.00&searchTF=T170156_2.00

