MEME version 5.4.1 (Tue Mar 1 19:18:48 2022 -0800)

ALPHABET= ACGT

strands: + -

Background letter frequencies (from uniform background):
A 0.25000 C 0.25000 G 0.25000 T 0.25000 

MOTIF M06882_2.00 GATA11

letter-probability matrix: alength= 4 w= 15 nsites= 1 E= 0
  0.296233	  0.313356	  0.075342	  0.315068	
  0.089041	  0.227740	  0.078767	  0.604452	
  0.063356	  0.618151	  0.101027	  0.217466	
  0.912671	  0.018836	  0.066781	  0.001712	
  0.000000	  0.000000	  1.000000	  0.000000	
  1.000000	  0.000000	  0.000000	  0.000000	
  0.000000	  0.000000	  0.000000	  1.000000	
  0.000000	  0.958904	  0.000000	  0.041096	
  0.000000	  0.273973	  0.006849	  0.719178	
  0.530821	  0.034247	  0.434932	  0.000000	
  0.351027	  0.059932	  0.455479	  0.133562	
  0.621575	  0.073630	  0.049658	  0.255137	
  0.186644	  0.135274	  0.075342	  0.602740	
  0.159247	  0.373288	  0.118151	  0.349315	
  0.181507	  0.287671	  0.068493	  0.462329	

URL http://cisbp.ccbr.utoronto.ca/TFreport.php?versionNumber=2.00&searchTF=T191706_2.00

