MEME version 5.4.1 (Tue Mar 1 19:18:48 2022 -0800)

ALPHABET= ACGT

strands: + -

Background letter frequencies (from uniform background):
A 0.25000 C 0.25000 G 0.25000 T 0.25000 

MOTIF M06824_2.00 IDD1

letter-probability matrix: alength= 4 w= 17 nsites= 1 E= 0
  0.294118	  0.112605	  0.129412	  0.463866	
  0.258824	  0.139496	  0.168067	  0.433613	
  0.114286	  0.050420	  0.050420	  0.784874	
  0.008403	  0.033613	  0.013445	  0.944539	
  0.000000	  0.005042	  0.006723	  0.988235	
  0.000000	  0.003361	  0.000000	  0.996639	
  0.000000	  0.000000	  1.000000	  0.000000	
  0.000000	  0.001681	  0.005042	  0.993277	
  0.000000	  1.000000	  0.000000	  0.000000	
  0.026891	  0.095798	  0.626891	  0.250420	
  0.003361	  0.040336	  0.045378	  0.910925	
  0.144538	  0.132773	  0.062185	  0.660504	
  0.174790	  0.001681	  0.003361	  0.820168	
  0.238655	  0.092437	  0.031933	  0.636975	
  0.107563	  0.324370	  0.304202	  0.263866	
  0.094118	  0.238655	  0.129412	  0.537815	
  0.248739	  0.109244	  0.352941	  0.289076	

URL http://cisbp.ccbr.utoronto.ca/TFreport.php?versionNumber=2.00&searchTF=T080890_2.00

