MEME version 5.4.1 (Tue Mar 1 19:18:48 2022 -0800)

ALPHABET= ACGT

strands: + -

Background letter frequencies (from uniform background):
A 0.25000 C 0.25000 G 0.25000 T 0.25000 

MOTIF M06873_2.00 E2FE

letter-probability matrix: alength= 4 w= 21 nsites= 1 E= 0
  0.230061	  0.000000	  0.015337	  0.754602	
  0.134969	  0.006135	  0.003067	  0.855829	
  0.076687	  0.012270	  0.009202	  0.901841	
  0.036810	  0.000000	  0.033742	  0.929448	
  0.003067	  0.049080	  0.944786	  0.003067	
  0.000000	  0.003067	  0.993866	  0.003067	
  0.000000	  1.000000	  0.000000	  0.000000	
  0.000000	  0.000000	  1.000000	  0.000000	
  0.000000	  0.009202	  0.990798	  0.000000	
  0.000000	  0.009202	  0.990798	  0.000000	
  0.996933	  0.000000	  0.000000	  0.003067	
  0.993866	  0.003067	  0.000000	  0.003067	
  0.855828	  0.030675	  0.039877	  0.073620	
  0.622699	  0.067485	  0.046012	  0.263804	
  0.266871	  0.110429	  0.064417	  0.558283	
  0.214724	  0.134969	  0.174847	  0.475460	
  0.337423	  0.088957	  0.131902	  0.441718	
  0.180982	  0.199387	  0.180982	  0.438650	
  0.303681	  0.052147	  0.239264	  0.404908	
  0.162577	  0.064417	  0.312883	  0.460123	
  0.214724	  0.141104	  0.220859	  0.423313	

URL http://cisbp.ccbr.utoronto.ca/TFreport.php?versionNumber=2.00&searchTF=T172294_2.00

