MEME version 5.4.1 (Tue Mar 1 19:18:48 2022 -0800)

ALPHABET= ACGT

strands: + -

Background letter frequencies (from uniform background):
A 0.25000 C 0.25000 G 0.25000 T 0.25000 

MOTIF M06809_2.00 IDD4

letter-probability matrix: alength= 4 w= 17 nsites= 1 E= 0
  0.328257	  0.103215	  0.121827	  0.446701	
  0.253807	  0.103215	  0.120135	  0.522843	
  0.142132	  0.059222	  0.040609	  0.758037	
  0.010152	  0.038917	  0.025381	  0.925550	
  0.000000	  0.011844	  0.005076	  0.983080	
  0.000000	  0.010152	  0.000000	  0.989848	
  0.000000	  0.000000	  1.000000	  0.000000	
  0.001692	  0.000000	  0.016920	  0.981388	
  0.000000	  0.972927	  0.000000	  0.027073	
  0.043993	  0.131980	  0.509306	  0.314721	
  0.006768	  0.027073	  0.071066	  0.895093	
  0.023689	  0.131980	  0.049069	  0.795262	
  0.137056	  0.000000	  0.000000	  0.862944	
  0.248731	  0.023689	  0.000000	  0.727580	
  0.071066	  0.409475	  0.423012	  0.096447	
  0.028765	  0.236887	  0.008460	  0.725888	
  0.174281	  0.071066	  0.394247	  0.360406	

URL http://cisbp.ccbr.utoronto.ca/TFreport.php?versionNumber=2.00&searchTF=T080840_2.00

