MEME version 5.4.1 (Tue Mar 1 19:18:48 2022 -0800)

ALPHABET= ACGT

strands: + -

Background letter frequencies (from uniform background):
A 0.25000 C 0.25000 G 0.25000 T 0.25000 

MOTIF M06833_2.00 DOF1.7

letter-probability matrix: alength= 4 w= 21 nsites= 1 E= 0
  0.183193	  0.253782	  0.104202	  0.458824	
  0.262185	  0.159664	  0.131092	  0.447059	
  0.149580	  0.220168	  0.146218	  0.484034	
  0.194958	  0.226891	  0.085714	  0.492437	
  0.225210	  0.110924	  0.115966	  0.547900	
  0.132773	  0.139496	  0.087395	  0.640336	
  0.084034	  0.297479	  0.043697	  0.574790	
  0.194958	  0.151261	  0.030252	  0.623529	
  0.490756	  0.157983	  0.189916	  0.161345	
  0.000000	  1.000000	  0.000000	  0.000000	
  0.000000	  0.033613	  0.000000	  0.966387	
  0.000000	  0.000000	  0.000000	  1.000000	
  0.000000	  0.000000	  0.000000	  1.000000	
  0.211765	  0.005042	  0.000000	  0.783193	
  0.085714	  0.181513	  0.080672	  0.652101	
  0.151261	  0.339496	  0.233613	  0.275630	
  0.220168	  0.205042	  0.114286	  0.460504	
  0.163025	  0.178151	  0.127731	  0.531093	
  0.163025	  0.196639	  0.084034	  0.556302	
  0.179832	  0.178151	  0.119328	  0.522689	
  0.213445	  0.163025	  0.157983	  0.465546	

URL http://cisbp.ccbr.utoronto.ca/TFreport.php?versionNumber=2.00&searchTF=T170155_2.00

