MEME version 5.4.1 (Tue Mar 1 19:18:48 2022 -0800)

ALPHABET= ACGT

strands: + -

Background letter frequencies (from uniform background):
A 0.25000 C 0.25000 G 0.25000 T 0.25000 

MOTIF M06889_2.00 GATA14

letter-probability matrix: alength= 4 w= 15 nsites= 1 E= 0
  0.377495	  0.215971	  0.226860	  0.179673	
  0.442831	  0.176044	  0.225045	  0.156080	
  0.517241	  0.150635	  0.203267	  0.128857	
  0.580762	  0.127042	  0.099819	  0.192377	
  0.299456	  0.230490	  0.127042	  0.343013	
  0.012704	  0.537205	  0.083485	  0.366606	
  0.764065	  0.056261	  0.176044	  0.003630	
  0.000000	  0.000000	  0.992740	  0.007260	
  0.996370	  0.000000	  0.003630	  0.000000	
  0.000000	  0.000000	  0.000000	  1.000000	
  0.000000	  0.998185	  0.001815	  0.000000	
  0.043557	  0.047187	  0.007260	  0.901996	
  0.618875	  0.076225	  0.157895	  0.147005	
  0.361162	  0.241379	  0.215971	  0.181488	
  0.508167	  0.161525	  0.183303	  0.147005	

URL http://cisbp.ccbr.utoronto.ca/TFreport.php?versionNumber=2.00&searchTF=T191715_2.00

