MEME version 5.4.1 (Tue Mar 1 19:18:48 2022 -0800)

ALPHABET= ACGT

strands: + -

Background letter frequencies (from uniform background):
A 0.25000 C 0.25000 G 0.25000 T 0.25000 

MOTIF M06867_2.00 DOF5.6

letter-probability matrix: alength= 4 w= 21 nsites= 1 E= 0
  0.245000	  0.168333	  0.075000	  0.511667	
  0.250000	  0.145000	  0.118333	  0.486667	
  0.133333	  0.086667	  0.108333	  0.671667	
  0.066667	  0.255000	  0.021667	  0.656666	
  0.273333	  0.173333	  0.060000	  0.493333	
  0.466667	  0.248333	  0.138333	  0.146667	
  0.000000	  1.000000	  0.000000	  0.000000	
  0.000000	  0.005000	  0.000000	  0.995000	
  0.000000	  0.000000	  0.000000	  1.000000	
  0.000000	  0.000000	  0.000000	  1.000000	
  0.188333	  0.000000	  0.000000	  0.811667	
  0.063333	  0.120000	  0.093333	  0.723334	
  0.171667	  0.346667	  0.231667	  0.250000	
  0.218333	  0.256667	  0.121667	  0.403333	
  0.183333	  0.175000	  0.110000	  0.531667	
  0.160000	  0.196667	  0.088333	  0.555000	
  0.170000	  0.188333	  0.091667	  0.550000	
  0.180000	  0.205000	  0.090000	  0.525000	
  0.230000	  0.181667	  0.088333	  0.500000	
  0.203333	  0.185000	  0.101667	  0.510000	
  0.158333	  0.255000	  0.111667	  0.475000	

URL http://cisbp.ccbr.utoronto.ca/TFreport.php?versionNumber=2.00&searchTF=T170183_2.00

