MEME version 5.4.1 (Tue Mar 1 19:18:48 2022 -0800)

ALPHABET= ACGT

strands: + -

Background letter frequencies (from uniform background):
A 0.25000 C 0.25000 G 0.25000 T 0.25000 

MOTIF M06815_2.00 IDD2

letter-probability matrix: alength= 4 w= 15 nsites= 1 E= 0
  0.127660	  0.000000	  0.074468	  0.797872	
  0.000000	  0.031915	  0.000000	  0.968085	
  0.000000	  0.000000	  0.117021	  0.882979	
  0.000000	  0.010638	  0.000000	  0.989362	
  0.000000	  0.000000	  0.946809	  0.053191	
  0.000000	  0.000000	  0.000000	  1.000000	
  0.000000	  0.978723	  0.000000	  0.021277	
  0.000000	  0.031915	  0.712766	  0.255319	
  0.000000	  0.010638	  0.021277	  0.968085	
  0.031915	  0.180851	  0.063830	  0.723404	
  0.074468	  0.000000	  0.000000	  0.925532	
  0.361702	  0.021277	  0.010638	  0.606383	
  0.202128	  0.351064	  0.361702	  0.085106	
  0.010638	  0.265957	  0.042553	  0.680852	
  0.287234	  0.021277	  0.393617	  0.297872	

URL http://cisbp.ccbr.utoronto.ca/TFreport.php?versionNumber=2.00&searchTF=T080860_2.00

