MEME version 5.4.1 (Tue Mar 1 19:18:48 2022 -0800)

ALPHABET= ACGT

strands: + -

Background letter frequencies (from uniform background):
A 0.25000 C 0.25000 G 0.25000 T 0.25000 

MOTIF M06821_2.00 AT5G22990

letter-probability matrix: alength= 4 w= 15 nsites= 1 E= 0
  0.289384	  0.135274	  0.017123	  0.558219	
  0.000000	  0.977740	  0.000000	  0.022260	
  0.054795	  0.003425	  0.904109	  0.037671	
  0.376712	  0.022260	  0.047945	  0.553083	
  0.227740	  0.460616	  0.070205	  0.241438	
  0.426370	  0.005137	  0.184932	  0.383562	
  0.075342	  0.087329	  0.003425	  0.833904	
  0.000000	  1.000000	  0.000000	  0.000000	
  0.029110	  0.006849	  0.936644	  0.027397	
  0.397260	  0.042808	  0.034247	  0.525685	
  0.138699	  0.320205	  0.070205	  0.470890	
  0.214041	  0.220890	  0.214041	  0.351027	
  0.208904	  0.205479	  0.094178	  0.491438	
  0.148973	  0.465753	  0.164384	  0.220890	
  0.277397	  0.142123	  0.333904	  0.246575	

URL http://cisbp.ccbr.utoronto.ca/TFreport.php?versionNumber=2.00&searchTF=T080880_2.00

