MEME version 5.4.1 (Tue Mar 1 19:18:48 2022 -0800)

ALPHABET= ACGT

strands: + -

Background letter frequencies (from uniform background):
A 0.25000 C 0.25000 G 0.25000 T 0.25000 

MOTIF M06883_2.00 GATA28

letter-probability matrix: alength= 4 w= 19 nsites= 1 E= 0
  0.109453	  0.014925	  0.820896	  0.054726	
  0.771145	  0.019900	  0.099502	  0.109453	
  0.064677	  0.039801	  0.019900	  0.875622	
  0.004975	  0.064677	  0.880597	  0.049751	
  0.935323	  0.024876	  0.014925	  0.024876	
  0.129353	  0.064677	  0.000000	  0.805970	
  0.049751	  0.014925	  0.900498	  0.034826	
  0.835821	  0.059701	  0.064677	  0.039801	
  0.109453	  0.074627	  0.000000	  0.815920	
  0.059701	  0.000000	  0.935324	  0.004975	
  0.890547	  0.000000	  0.044776	  0.064677	
  0.034826	  0.024876	  0.094527	  0.845771	
  0.029851	  0.000000	  0.970149	  0.000000	
  0.975125	  0.014925	  0.009950	  0.000000	
  0.054726	  0.049751	  0.019900	  0.875623	
  0.034826	  0.024876	  0.940298	  0.000000	
  0.920398	  0.000000	  0.079602	  0.000000	
  0.000000	  0.029851	  0.044776	  0.925373	
  0.019900	  0.049751	  0.920399	  0.009950	

URL http://cisbp.ccbr.utoronto.ca/TFreport.php?versionNumber=2.00&searchTF=T191707_2.00

