MEME version 5.4.1 (Tue Mar 1 19:18:48 2022 -0800)

ALPHABET= ACGT

strands: + -

Background letter frequencies (from uniform background):
A 0.25000 C 0.25000 G 0.25000 T 0.25000 

MOTIF M06807_2.00 IDD5

letter-probability matrix: alength= 4 w= 17 nsites= 1 E= 0
  0.300501	  0.105175	  0.136895	  0.457429	
  0.280467	  0.131886	  0.150250	  0.437396	
  0.161937	  0.101836	  0.070117	  0.666110	
  0.026711	  0.076795	  0.030050	  0.866444	
  0.000000	  0.010017	  0.008347	  0.981636	
  0.000000	  0.003339	  0.000000	  0.996661	
  0.000000	  0.000000	  1.000000	  0.000000	
  0.000000	  0.000000	  0.110184	  0.889816	
  0.031720	  0.879799	  0.000000	  0.088481	
  0.080134	  0.091820	  0.457429	  0.370618	
  0.006678	  0.071786	  0.100167	  0.821369	
  0.023372	  0.180301	  0.065109	  0.731218	
  0.186978	  0.000000	  0.006678	  0.806344	
  0.217028	  0.028381	  0.006678	  0.747913	
  0.065109	  0.397329	  0.430718	  0.106845	
  0.025042	  0.273790	  0.023372	  0.677796	
  0.183639	  0.100167	  0.425710	  0.290484	

URL http://cisbp.ccbr.utoronto.ca/TFreport.php?versionNumber=2.00&searchTF=T080839_2.00

