MEME version 5.4.1 (Tue Mar 1 19:18:48 2022 -0800)

ALPHABET= ACGT

strands: + -

Background letter frequencies (from uniform background):
A 0.25000 C 0.25000 G 0.25000 T 0.25000 

MOTIF M06829_2.00 DOF1.5

letter-probability matrix: alength= 4 w= 21 nsites= 1 E= 0
  0.183333	  0.198333	  0.105000	  0.513334	
  0.225000	  0.090000	  0.118333	  0.566667	
  0.135000	  0.063333	  0.135000	  0.666667	
  0.186667	  0.068333	  0.203333	  0.541667	
  0.121667	  0.455000	  0.036667	  0.386667	
  0.631667	  0.233333	  0.058333	  0.076667	
  0.000000	  1.000000	  0.000000	  0.000000	
  0.000000	  0.015000	  0.000000	  0.985000	
  0.000000	  0.001667	  0.000000	  0.998333	
  0.000000	  0.000000	  0.001667	  0.998333	
  0.175000	  0.001667	  0.013333	  0.810000	
  0.091667	  0.118333	  0.056667	  0.733333	
  0.205000	  0.331667	  0.156667	  0.306667	
  0.215000	  0.245000	  0.121667	  0.418333	
  0.158333	  0.238333	  0.101667	  0.501667	
  0.170000	  0.190000	  0.091667	  0.548333	
  0.125000	  0.201667	  0.125000	  0.548333	
  0.198333	  0.168333	  0.103333	  0.530001	
  0.170000	  0.175000	  0.100000	  0.555000	
  0.228333	  0.196667	  0.143333	  0.431667	
  0.201667	  0.233333	  0.136667	  0.428333	

URL http://cisbp.ccbr.utoronto.ca/TFreport.php?versionNumber=2.00&searchTF=T170153_2.00

