MEME version 5.4.1 (Tue Mar 1 19:18:48 2022 -0800)

ALPHABET= ACGT

strands: + -

Background letter frequencies (from uniform background):
A 0.25000 C 0.25000 G 0.25000 T 0.25000 

MOTIF M06980_2.00 AT5G47660

letter-probability matrix: alength= 4 w= 15 nsites= 1 E= 0
  0.586066	  0.024590	  0.340164	  0.049180	
  0.114754	  0.692623	  0.098361	  0.094262	
  0.327869	  0.040984	  0.581967	  0.049180	
  0.000000	  0.000000	  1.000000	  0.000000	
  0.000000	  0.000000	  0.000000	  1.000000	
  0.676229	  0.000000	  0.032787	  0.290984	
  1.000000	  0.000000	  0.000000	  0.000000	
  0.872951	  0.040984	  0.061475	  0.024590	
  0.815574	  0.000000	  0.004098	  0.180328	
  0.782787	  0.102459	  0.032787	  0.081967	
  0.446721	  0.188525	  0.086066	  0.278689	
  0.372951	  0.102459	  0.258197	  0.266393	
  0.381148	  0.057377	  0.299180	  0.262295	
  0.430328	  0.135246	  0.122951	  0.311475	
  0.569672	  0.053279	  0.073770	  0.303279	

URL http://cisbp.ccbr.utoronto.ca/TFreport.php?versionNumber=2.00&searchTF=T247891_2.00

