MEME version 5.4.1 (Tue Mar 1 19:18:48 2022 -0800)

ALPHABET= ACGT

strands: + -

Background letter frequencies (from uniform background):
A 0.25000 C 0.25000 G 0.25000 T 0.25000 

MOTIF M06971_2.00 AT3G10030

letter-probability matrix: alength= 4 w= 14 nsites= 1 E= 0
  0.222408	  0.232441	  0.048495	  0.496656	
  0.498328	  0.078595	  0.324415	  0.098662	
  0.563545	  0.157191	  0.103679	  0.175585	
  0.018395	  0.804347	  0.020067	  0.157191	
  0.105351	  0.000000	  0.690636	  0.204013	
  0.021739	  0.916388	  0.053512	  0.008361	
  0.001672	  0.993311	  0.000000	  0.005017	
  0.000000	  0.000000	  0.998328	  0.001672	
  0.000000	  0.000000	  0.000000	  1.000000	
  0.001672	  0.127090	  0.015050	  0.856188	
  0.961538	  0.000000	  0.000000	  0.038462	
  0.553512	  0.168896	  0.148829	  0.128763	
  0.252508	  0.306020	  0.153846	  0.287625	
  0.230769	  0.093645	  0.232441	  0.443144	

URL http://cisbp.ccbr.utoronto.ca/TFreport.php?versionNumber=2.00&searchTF=T247881_2.00

