MEME version 5.4.1 (Tue Mar 1 19:18:48 2022 -0800)

ALPHABET= ACGT

strands: + -

Background letter frequencies (from uniform background):
A 0.25000 C 0.25000 G 0.25000 T 0.25000 

MOTIF M06978_2.00 AT5G05550

letter-probability matrix: alength= 4 w= 15 nsites= 1 E= 0
  0.302013	  0.208054	  0.102349	  0.387584	
  0.130872	  0.434564	  0.125839	  0.308725	
  0.362416	  0.119128	  0.357383	  0.161074	
  0.100671	  0.192953	  0.045302	  0.661074	
  0.001678	  0.911074	  0.028523	  0.058725	
  0.167785	  0.000000	  0.832215	  0.000000	
  0.041946	  0.756712	  0.114094	  0.087248	
  0.000000	  1.000000	  0.000000	  0.000000	
  0.000000	  0.000000	  1.000000	  0.000000	
  0.000000	  0.000000	  0.998322	  0.001678	
  0.634228	  0.206376	  0.015101	  0.144295	
  0.387584	  0.005034	  0.595637	  0.011745	
  0.614094	  0.075503	  0.104027	  0.206376	
  0.377517	  0.164430	  0.135906	  0.322148	
  0.322148	  0.119128	  0.255034	  0.303691	

URL http://cisbp.ccbr.utoronto.ca/TFreport.php?versionNumber=2.00&searchTF=T247890_2.00

