MEME version 5.4.1 (Tue Mar 1 19:18:48 2022 -0800)

ALPHABET= ACGT

strands: + -

Background letter frequencies (from uniform background):
A 0.25000 C 0.25000 G 0.25000 T 0.25000 

MOTIF M06966_2.00 LOB

letter-probability matrix: alength= 4 w= 21 nsites= 1 E= 0
  0.200698	  0.125654	  0.399651	  0.273997	
  0.204188	  0.198953	  0.516580	  0.080279	
  0.097731	  0.788831	  0.006981	  0.106457	
  0.092496	  0.012216	  0.821990	  0.073298	
  0.043630	  0.200698	  0.746946	  0.008726	
  0.092496	  0.884816	  0.000000	  0.022688	
  0.033159	  0.003490	  0.917976	  0.045375	
  0.089005	  0.034904	  0.778360	  0.097731	
  0.422339	  0.352531	  0.078534	  0.146597	
  0.232112	  0.005236	  0.612565	  0.150087	
  0.324607	  0.062827	  0.502618	  0.109948	
  0.349040	  0.371728	  0.010471	  0.268761	
  0.183246	  0.054101	  0.551484	  0.211169	
  0.198953	  0.099476	  0.673648	  0.027923	
  0.207679	  0.694589	  0.005236	  0.092496	
  0.000000	  0.001745	  0.972077	  0.026178	
  0.036649	  0.095986	  0.858639	  0.008726	
  0.268761	  0.560210	  0.029668	  0.141361	
  0.113438	  0.001745	  0.825480	  0.059337	
  0.164049	  0.048866	  0.710296	  0.076789	
  0.450262	  0.221640	  0.087260	  0.240838	

URL http://cisbp.ccbr.utoronto.ca/TFreport.php?versionNumber=2.00&searchTF=T244905_2.00

