MEME version 5.4.1 (Tue Mar 1 19:18:48 2022 -0800)

ALPHABET= ACGT

strands: + -

Background letter frequencies (from uniform background):
A 0.25000 C 0.25000 G 0.25000 T 0.25000 

MOTIF M06960_2.00 LBD19

letter-probability matrix: alength= 4 w= 15 nsites= 1 E= 0
  0.025000	  0.745000	  0.215000	  0.015000	
  0.018333	  0.976667	  0.005000	  0.000000	
  0.113333	  0.078333	  0.626667	  0.181667	
  0.075000	  0.116667	  0.630000	  0.178333	
  0.723333	  0.005000	  0.215000	  0.056667	
  0.791666	  0.000000	  0.131667	  0.076667	
  0.903334	  0.008333	  0.043333	  0.045000	
  0.666667	  0.028333	  0.018333	  0.286667	
  0.143333	  0.231667	  0.071667	  0.553333	
  0.175000	  0.658333	  0.115000	  0.051667	
  0.178333	  0.626667	  0.043333	  0.151667	
  0.000000	  0.000000	  0.991667	  0.008333	
  0.011667	  0.233333	  0.716667	  0.038333	
  0.461667	  0.205000	  0.155000	  0.178333	
  0.348333	  0.066667	  0.376667	  0.208333	

URL http://cisbp.ccbr.utoronto.ca/TFreport.php?versionNumber=2.00&searchTF=T244883_2.00

