MEME version 5.4.1 (Tue Mar 1 19:18:48 2022 -0800)

ALPHABET= ACGT

strands: + -

Background letter frequencies (from uniform background):
A 0.25000 C 0.25000 G 0.25000 T 0.25000 

MOTIF M06992_2.00 AGL15

letter-probability matrix: alength= 4 w= 19 nsites= 1 E= 0
  0.525876	  0.083472	  0.128548	  0.262104	
  0.210351	  0.308848	  0.292154	  0.188648	
  0.146912	  0.048414	  0.011686	  0.792988	
  0.063439	  0.008347	  0.021703	  0.906511	
  0.327212	  0.046745	  0.083472	  0.542571	
  0.023372	  0.976628	  0.000000	  0.000000	
  0.000000	  0.789650	  0.001669	  0.208681	
  0.419032	  0.280467	  0.070117	  0.230384	
  0.724541	  0.051753	  0.075125	  0.148581	
  0.974958	  0.000000	  0.013356	  0.011686	
  0.722871	  0.006678	  0.000000	  0.270451	
  0.622704	  0.088481	  0.141903	  0.146912	
  0.449082	  0.083472	  0.133556	  0.333890	
  0.273790	  0.000000	  0.726210	  0.000000	
  0.005008	  0.000000	  0.994992	  0.000000	
  0.811352	  0.035058	  0.013356	  0.140234	
  0.959934	  0.005008	  0.008347	  0.026711	
  0.856427	  0.008347	  0.055092	  0.080134	
  0.185309	  0.228715	  0.363940	  0.222037	

URL http://cisbp.ccbr.utoronto.ca/TFreport.php?versionNumber=2.00&searchTF=T252902_2.00

