MEME version 5.4.1 (Tue Mar 1 19:18:48 2022 -0800)

ALPHABET= ACGT

strands: + -

Background letter frequencies (from uniform background):
A 0.25000 C 0.25000 G 0.25000 T 0.25000 

MOTIF M06999_2.00 ATMYB13

letter-probability matrix: alength= 4 w= 15 nsites= 1 E= 0
  0.136134	  0.310924	  0.115966	  0.436975	
  0.072269	  0.438655	  0.050420	  0.438655	
  0.003361	  0.784874	  0.011765	  0.200000	
  0.993277	  0.006723	  0.000000	  0.000000	
  0.082353	  0.917647	  0.000000	  0.000000	
  0.000000	  1.000000	  0.000000	  0.000000	
  0.557983	  0.010084	  0.000000	  0.431933	
  1.000000	  0.000000	  0.000000	  0.000000	
  0.200000	  0.798319	  0.000000	  0.001681	
  0.000000	  0.838655	  0.000000	  0.161345	
  0.467227	  0.263866	  0.114286	  0.154622	
  0.289076	  0.321008	  0.070588	  0.319328	
  0.297479	  0.277311	  0.110924	  0.314286	
  0.310924	  0.233613	  0.157983	  0.297479	
  0.255462	  0.329412	  0.117647	  0.297479	

URL http://cisbp.ccbr.utoronto.ca/TFreport.php?versionNumber=2.00&searchTF=T266318_2.00

