MEME version 5.4.1 (Tue Mar 1 19:18:48 2022 -0800)

ALPHABET= ACGT

strands: + -

Background letter frequencies (from uniform background):
A 0.25000 C 0.25000 G 0.25000 T 0.25000 

MOTIF M06921_2.00 PDF2

letter-probability matrix: alength= 4 w= 15 nsites= 1 E= 0
  0.280000	  0.083333	  0.126667	  0.510000	
  0.211667	  0.178333	  0.183333	  0.426667	
  0.245000	  0.273333	  0.478333	  0.003333	
  0.003333	  0.001667	  0.990000	  0.005000	
  0.843333	  0.051667	  0.015000	  0.090000	
  0.993333	  0.005000	  0.001667	  0.000000	
  0.006667	  0.000000	  0.001667	  0.991666	
  0.883333	  0.116667	  0.000000	  0.000000	
  0.005000	  0.000000	  0.001667	  0.993333	
  0.080000	  0.021667	  0.066667	  0.831666	
  0.026667	  0.883333	  0.006667	  0.083333	
  0.051667	  0.316667	  0.076667	  0.554999	
  0.143333	  0.188333	  0.116667	  0.551667	
  0.098333	  0.133333	  0.110000	  0.658334	
  0.228333	  0.165000	  0.133333	  0.473333	

URL http://cisbp.ccbr.utoronto.ca/TFreport.php?versionNumber=2.00&searchTF=T204501_2.00

