MEME version 5.4.1 (Tue Mar 1 19:18:48 2022 -0800)

ALPHABET= ACGT

strands: + -

Background letter frequencies (from uniform background):
A 0.25000 C 0.25000 G 0.25000 T 0.25000 

MOTIF M06950_2.00 HSFA6A

letter-probability matrix: alength= 4 w= 16 nsites= 1 E= 0
  0.000000	  0.000000	  1.000000	  0.000000	
  0.994828	  0.000000	  0.000000	  0.005172	
  0.939654	  0.006897	  0.006897	  0.046552	
  0.070690	  0.241379	  0.572414	  0.115517	
  0.318966	  0.263793	  0.186207	  0.231034	
  0.086207	  0.034483	  0.003448	  0.875862	
  0.005172	  0.000000	  0.003448	  0.991380	
  0.000000	  0.998276	  0.001724	  0.000000	
  0.001724	  0.137931	  0.037931	  0.822414	
  0.786207	  0.029310	  0.184483	  0.000000	
  0.000000	  0.001724	  0.998276	  0.000000	
  0.986207	  0.000000	  0.000000	  0.013793	
  0.777586	  0.027586	  0.086207	  0.108621	
  0.237931	  0.201724	  0.384483	  0.175862	
  0.320690	  0.327586	  0.150000	  0.201724	
  0.341379	  0.113793	  0.125862	  0.418966	

URL http://cisbp.ccbr.utoronto.ca/TFreport.php?versionNumber=2.00&searchTF=T239704_2.00

