MEME version 5.4.1 (Tue Mar 1 19:18:48 2022 -0800)

ALPHABET= ACGT

strands: + -

Background letter frequencies (from uniform background):
A 0.25000 C 0.25000 G 0.25000 T 0.25000 

MOTIF M06939_2.00 HSFA1E

letter-probability matrix: alength= 4 w= 13 nsites= 1 E= 0
  0.637795	  0.059055	  0.255906	  0.047244	
  0.000000	  0.000000	  0.992126	  0.007874	
  0.988189	  0.000000	  0.003937	  0.007874	
  0.931102	  0.001969	  0.027559	  0.039370	
  0.149606	  0.167323	  0.553150	  0.129921	
  0.190945	  0.397638	  0.238189	  0.173228	
  0.120079	  0.039370	  0.013780	  0.826771	
  0.017717	  0.000000	  0.003937	  0.978346	
  0.001969	  0.994094	  0.003937	  0.000000	
  0.001969	  0.125984	  0.043307	  0.828740	
  0.797244	  0.029528	  0.169291	  0.003937	
  0.011811	  0.000000	  0.986220	  0.001969	
  0.978346	  0.009843	  0.007874	  0.003937	

URL http://cisbp.ccbr.utoronto.ca/TFreport.php?versionNumber=2.00&searchTF=T239690_2.00

