MEME version 5.4.1 (Tue Mar 1 19:18:48 2022 -0800)

ALPHABET= ACGT

strands: + -

Background letter frequencies (from uniform background):
A 0.25000 C 0.25000 G 0.25000 T 0.25000 

MOTIF M06996_2.00 AT5G23930

letter-probability matrix: alength= 4 w= 20 nsites= 1 E= 0
  0.214890	  0.460237	  0.116751	  0.208122	
  0.279188	  0.126904	  0.340102	  0.253807	
  0.133672	  0.590524	  0.071066	  0.204738	
  0.182741	  0.561759	  0.089679	  0.165821	
  0.230118	  0.101523	  0.494078	  0.174281	
  0.099831	  0.656515	  0.087986	  0.155668	
  0.148900	  0.639594	  0.079526	  0.131980	
  0.309645	  0.084602	  0.424704	  0.181049	
  0.084602	  0.605753	  0.074450	  0.235195	
  0.162437	  0.629441	  0.010152	  0.197970	
  0.338409	  0.050761	  0.338409	  0.272420	
  0.040609	  0.654822	  0.094755	  0.209814	
  0.233503	  0.727579	  0.020305	  0.018613	
  0.060914	  0.001692	  0.861252	  0.076142	
  0.000000	  0.989848	  0.005076	  0.005076	
  0.052453	  0.944163	  0.000000	  0.003384	
  0.104907	  0.000000	  0.869712	  0.025381	
  0.000000	  0.886633	  0.008460	  0.104907	
  0.013536	  0.967851	  0.000000	  0.018613	
  0.346870	  0.000000	  0.544839	  0.108291	

URL http://cisbp.ccbr.utoronto.ca/TFreport.php?versionNumber=2.00&searchTF=T262067_2.00

