MEME version 5.4.1 (Tue Mar 1 19:18:48 2022 -0800)

ALPHABET= ACGT

strands: + -

Background letter frequencies (from uniform background):
A 0.25000 C 0.25000 G 0.25000 T 0.25000 

MOTIF M06970_2.00 AT1G76880

letter-probability matrix: alength= 4 w= 16 nsites= 1 E= 0
  0.608333	  0.081250	  0.231250	  0.079167	
  0.210417	  0.468750	  0.081250	  0.239583	
  0.310417	  0.062500	  0.608333	  0.018750	
  0.000000	  0.000000	  1.000000	  0.000000	
  0.000000	  0.000000	  0.000000	  1.000000	
  0.866666	  0.000000	  0.029167	  0.104167	
  1.000000	  0.000000	  0.000000	  0.000000	
  0.935416	  0.006250	  0.016667	  0.041667	
  0.791667	  0.006250	  0.000000	  0.202083	
  0.658333	  0.064583	  0.066667	  0.210417	
  0.397917	  0.147917	  0.152083	  0.302083	
  0.310417	  0.085417	  0.293750	  0.310417	
  0.341667	  0.095833	  0.195833	  0.366667	
  0.431250	  0.097917	  0.208333	  0.262500	
  0.516666	  0.085417	  0.110417	  0.287500	
  0.470833	  0.106250	  0.114583	  0.308333	

URL http://cisbp.ccbr.utoronto.ca/TFreport.php?versionNumber=2.00&searchTF=T247879_2.00

