MEME version 5.4.1 (Tue Mar 1 19:18:48 2022 -0800)

ALPHABET= ACGT

strands: + -

Background letter frequencies (from uniform background):
A 0.25000 C 0.25000 G 0.25000 T 0.25000 

MOTIF M06945_2.00 HSFB2B

letter-probability matrix: alength= 4 w= 14 nsites= 1 E= 0
  0.661565	  0.045918	  0.246599	  0.045918	
  0.006803	  0.000000	  0.991496	  0.001701	
  0.972789	  0.003401	  0.006803	  0.017007	
  0.906462	  0.006803	  0.034014	  0.052721	
  0.154762	  0.204082	  0.513605	  0.127551	
  0.210884	  0.374150	  0.209184	  0.205782	
  0.105442	  0.030612	  0.013605	  0.850341	
  0.028912	  0.000000	  0.005102	  0.965986	
  0.000000	  0.994898	  0.005102	  0.000000	
  0.013605	  0.134354	  0.039116	  0.812925	
  0.770408	  0.032313	  0.195578	  0.001701	
  0.003401	  0.000000	  0.996599	  0.000000	
  0.971089	  0.003401	  0.017007	  0.008503	
  0.819727	  0.023810	  0.059524	  0.096939	

URL http://cisbp.ccbr.utoronto.ca/TFreport.php?versionNumber=2.00&searchTF=T239695_2.00

