MEME version 5.4.1 (Tue Mar 1 19:18:48 2022 -0800)

ALPHABET= ACGT

strands: + -

Background letter frequencies (from uniform background):
A 0.25000 C 0.25000 G 0.25000 T 0.25000 

MOTIF M06976_2.00 AT3G58630

letter-probability matrix: alength= 4 w= 15 nsites= 1 E= 0
  0.234234	  0.358559	  0.115315	  0.291892	
  0.187387	  0.216216	  0.363964	  0.232432	
  0.097297	  0.149550	  0.059459	  0.693694	
  0.037838	  0.803603	  0.045045	  0.113514	
  0.138739	  0.001802	  0.859459	  0.000000	
  0.028829	  0.949549	  0.000000	  0.021622	
  0.000000	  1.000000	  0.000000	  0.000000	
  0.000000	  0.000000	  1.000000	  0.000000	
  0.000000	  0.000000	  1.000000	  0.000000	
  0.792793	  0.100901	  0.028829	  0.077477	
  0.241441	  0.027027	  0.700901	  0.030631	
  0.574774	  0.104505	  0.113514	  0.207207	
  0.360360	  0.178378	  0.073874	  0.387387	
  0.272072	  0.115315	  0.252252	  0.360360	
  0.181982	  0.237838	  0.207207	  0.372973	

URL http://cisbp.ccbr.utoronto.ca/TFreport.php?versionNumber=2.00&searchTF=T247889_2.00

