MEME version 5.4.1 (Tue Mar 1 19:18:48 2022 -0800)

ALPHABET= ACGT

strands: + -

Background letter frequencies (from uniform background):
A 0.25000 C 0.25000 G 0.25000 T 0.25000 

MOTIF M06984_2.00 SVP

letter-probability matrix: alength= 4 w= 15 nsites= 1 E= 0
  0.163511	  0.027539	  0.216867	  0.592083	
  0.309811	  0.039587	  0.254733	  0.395869	
  0.067126	  0.913941	  0.000000	  0.018933	
  0.000000	  0.929432	  0.000000	  0.070568	
  0.308090	  0.383821	  0.211704	  0.096386	
  0.721171	  0.013769	  0.161790	  0.103270	
  0.939759	  0.000000	  0.022375	  0.037866	
  0.724613	  0.000000	  0.000000	  0.275387	
  0.736661	  0.111876	  0.056799	  0.094664	
  0.292599	  0.211704	  0.251291	  0.244406	
  0.036145	  0.000000	  0.963855	  0.000000	
  0.000000	  0.000000	  1.000000	  0.000000	
  0.533562	  0.166954	  0.008606	  0.290878	
  0.903614	  0.046472	  0.000000	  0.049914	
  0.869192	  0.024096	  0.051635	  0.055077	

URL http://cisbp.ccbr.utoronto.ca/TFreport.php?versionNumber=2.00&searchTF=T252868_2.00

