MEME version 5.4.1 (Tue Mar 1 19:18:48 2022 -0800)

ALPHABET= ACGT

strands: + -

Background letter frequencies (from uniform background):
A 0.25000 C 0.25000 G 0.25000 T 0.25000 

MOTIF M06987_2.00 AGL16

letter-probability matrix: alength= 4 w= 15 nsites= 1 E= 0
  0.088517	  0.019139	  0.035885	  0.856459	
  0.363636	  0.028708	  0.105263	  0.502393	
  0.059809	  0.940191	  0.000000	  0.000000	
  0.000000	  0.851675	  0.000000	  0.148325	
  0.332536	  0.322967	  0.083732	  0.260766	
  0.698565	  0.055024	  0.141148	  0.105263	
  0.980862	  0.009569	  0.009569	  0.000000	
  0.686603	  0.000000	  0.000000	  0.313397	
  0.562200	  0.095694	  0.184211	  0.157895	
  0.452153	  0.055024	  0.198565	  0.294258	
  0.145933	  0.000000	  0.854067	  0.000000	
  0.000000	  0.000000	  1.000000	  0.000000	
  0.667464	  0.066986	  0.026316	  0.239234	
  0.966507	  0.007177	  0.000000	  0.026316	
  0.861244	  0.009569	  0.045455	  0.083732	

URL http://cisbp.ccbr.utoronto.ca/TFreport.php?versionNumber=2.00&searchTF=T252884_2.00

