MEME version 5.4.1 (Tue Mar 1 19:18:48 2022 -0800)

ALPHABET= ACGT

strands: + -

Background letter frequencies (from uniform background):
A 0.25000 C 0.25000 G 0.25000 T 0.25000 

MOTIF M07042_2.00 MYB88

letter-probability matrix: alength= 4 w= 15 nsites= 1 E= 0
  0.297980	  0.254209	  0.170034	  0.277778	
  0.271044	  0.301347	  0.190236	  0.237374	
  0.205387	  0.365320	  0.146465	  0.282828	
  0.360269	  0.292929	  0.099327	  0.247475	
  0.138047	  0.511784	  0.159933	  0.190236	
  0.794612	  0.186869	  0.018519	  0.000000	
  0.035354	  0.917508	  0.047138	  0.000000	
  0.000000	  0.000000	  1.000000	  0.000000	
  0.000000	  1.000000	  0.000000	  0.000000	
  0.000000	  0.000000	  0.506734	  0.493266	
  0.000000	  0.989899	  0.000000	  0.010101	
  0.008418	  0.811447	  0.008418	  0.171717	
  0.269360	  0.102694	  0.205387	  0.422559	
  0.168350	  0.498316	  0.117845	  0.215488	
  0.181818	  0.464646	  0.102694	  0.250842	

URL http://cisbp.ccbr.utoronto.ca/TFreport.php?versionNumber=2.00&searchTF=T266381_2.00

