MEME version 5.4.1 (Tue Mar 1 19:18:48 2022 -0800)

ALPHABET= ACGT

strands: + -

Background letter frequencies (from uniform background):
A 0.25000 C 0.25000 G 0.25000 T 0.25000 

MOTIF M07020_2.00 AtMYB93

letter-probability matrix: alength= 4 w= 21 nsites= 1 E= 0
  0.298658	  0.189597	  0.067114	  0.444631	
  0.286913	  0.122483	  0.291946	  0.298658	
  0.135906	  0.176174	  0.412752	  0.275168	
  0.072148	  0.263423	  0.124161	  0.540268	
  0.122483	  0.266779	  0.082215	  0.528523	
  0.060403	  0.598993	  0.080537	  0.260067	
  0.984900	  0.000000	  0.008389	  0.006711	
  0.266779	  0.703020	  0.008389	  0.021812	
  0.000000	  1.000000	  0.000000	  0.000000	
  0.390940	  0.090604	  0.005034	  0.513422	
  0.996644	  0.000000	  0.001678	  0.001678	
  0.414430	  0.585570	  0.000000	  0.000000	
  0.057047	  0.604027	  0.000000	  0.338926	
  0.352349	  0.209732	  0.046980	  0.390940	
  0.258389	  0.330537	  0.041946	  0.369128	
  0.352349	  0.296980	  0.040268	  0.310403	
  0.380872	  0.256711	  0.115772	  0.246644	
  0.348993	  0.348993	  0.060403	  0.241611	
  0.313758	  0.409396	  0.093960	  0.182886	
  0.375839	  0.248322	  0.114094	  0.261745	
  0.401007	  0.286913	  0.078859	  0.233221	

URL http://cisbp.ccbr.utoronto.ca/TFreport.php?versionNumber=2.00&searchTF=T266344_2.00

