MEME version 5.4.1 (Tue Mar 1 19:18:48 2022 -0800)

ALPHABET= ACGT

strands: + -

Background letter frequencies (from uniform background):
A 0.25000 C 0.25000 G 0.25000 T 0.25000 

MOTIF M07065_2.00 MYB108

letter-probability matrix: alength= 4 w= 15 nsites= 1 E= 0
  0.613176	  0.000000	  0.383446	  0.003378	
  0.000000	  1.000000	  0.000000	  0.000000	
  0.000000	  1.000000	  0.000000	  0.000000	
  0.255068	  0.006757	  0.101351	  0.636824	
  1.000000	  0.000000	  0.000000	  0.000000	
  0.981419	  0.018581	  0.000000	  0.000000	
  0.040541	  0.645270	  0.000000	  0.314189	
  0.136824	  0.192568	  0.003378	  0.667230	
  0.234797	  0.138514	  0.130068	  0.496622	
  0.368243	  0.128378	  0.128378	  0.375000	
  0.398649	  0.202703	  0.126689	  0.271959	
  0.248311	  0.369932	  0.136824	  0.244932	
  0.175676	  0.435811	  0.103041	  0.285473	
  0.375000	  0.192568	  0.170608	  0.261824	
  0.510135	  0.158784	  0.116554	  0.214527	

URL http://cisbp.ccbr.utoronto.ca/TFreport.php?versionNumber=2.00&searchTF=T266423_2.00

