MEME version 5.4.1 (Tue Mar 1 19:18:48 2022 -0800)

ALPHABET= ACGT

strands: + -

Background letter frequencies (from uniform background):
A 0.25000 C 0.25000 G 0.25000 T 0.25000 

MOTIF M07087_2.00 MYB118

letter-probability matrix: alength= 4 w= 17 nsites= 1 E= 0
  0.485612	  0.122302	  0.143885	  0.248201	
  0.464029	  0.125899	  0.122302	  0.287770	
  0.420863	  0.118705	  0.115108	  0.345324	
  0.384892	  0.122302	  0.183453	  0.309353	
  0.183453	  0.287770	  0.104317	  0.424460	
  0.589928	  0.025180	  0.302158	  0.082734	
  0.525180	  0.000000	  0.205036	  0.269784	
  0.280576	  0.640287	  0.079137	  0.000000	
  0.021583	  0.902878	  0.068345	  0.007194	
  0.000000	  0.000000	  1.000000	  0.000000	
  0.000000	  0.000000	  0.000000	  1.000000	
  0.003597	  0.000000	  0.000000	  0.996403	
  1.000000	  0.000000	  0.000000	  0.000000	
  0.007194	  0.971223	  0.000000	  0.021583	
  0.521582	  0.017986	  0.280576	  0.179856	
  0.442446	  0.086331	  0.082734	  0.388489	
  0.496403	  0.079137	  0.064748	  0.359712	

URL http://cisbp.ccbr.utoronto.ca/TFreport.php?versionNumber=2.00&searchTF=T266454_2.00

