MEME version 5.4.1 (Tue Mar 1 19:18:48 2022 -0800)

ALPHABET= ACGT

strands: + -

Background letter frequencies (from uniform background):
A 0.25000 C 0.25000 G 0.25000 T 0.25000 

MOTIF M07002_2.00 MYB61

letter-probability matrix: alength= 4 w= 15 nsites= 1 E= 0
  0.154622	  0.354622	  0.082353	  0.408403	
  0.168067	  0.415126	  0.127731	  0.289076	
  0.000000	  0.603361	  0.000000	  0.396639	
  0.996638	  0.001681	  0.000000	  0.001681	
  0.341176	  0.658824	  0.000000	  0.000000	
  0.000000	  1.000000	  0.000000	  0.000000	
  0.378151	  0.221849	  0.000000	  0.400000	
  0.991597	  0.000000	  0.008403	  0.000000	
  0.196639	  0.803361	  0.000000	  0.000000	
  0.011765	  0.863865	  0.000000	  0.124370	
  0.478992	  0.094118	  0.210084	  0.216807	
  0.253782	  0.396639	  0.126050	  0.223529	
  0.310924	  0.352941	  0.090756	  0.245378	
  0.317647	  0.257143	  0.157983	  0.267227	
  0.253782	  0.388235	  0.097479	  0.260504	

URL http://cisbp.ccbr.utoronto.ca/TFreport.php?versionNumber=2.00&searchTF=T266322_2.00

