MEME version 5.4.1 (Tue Mar 1 19:18:48 2022 -0800)

ALPHABET= ACGT

strands: + -

Background letter frequencies (from uniform background):
A 0.25000 C 0.25000 G 0.25000 T 0.25000 

MOTIF M07068_2.00 MYB1

letter-probability matrix: alength= 4 w= 19 nsites= 1 E= 0
  0.291667	  0.270833	  0.020833	  0.416667	
  0.527778	  0.118056	  0.159722	  0.194444	
  0.437500	  0.201389	  0.173611	  0.187500	
  0.152778	  0.451389	  0.263889	  0.131944	
  0.430556	  0.104167	  0.243056	  0.222222	
  0.326389	  0.138889	  0.250000	  0.284722	
  0.305556	  0.312500	  0.076389	  0.305556	
  0.263889	  0.125000	  0.090278	  0.520833	
  0.250000	  0.131944	  0.111111	  0.506945	
  0.270833	  0.055556	  0.000000	  0.673611	
  1.000000	  0.000000	  0.000000	  0.000000	
  1.000000	  0.000000	  0.000000	  0.000000	
  0.000000	  1.000000	  0.000000	  0.000000	
  0.000000	  0.361111	  0.618056	  0.020833	
  0.000000	  0.000000	  1.000000	  0.000000	
  0.111111	  0.222222	  0.006944	  0.659723	
  0.430556	  0.180556	  0.055556	  0.333333	
  0.562499	  0.076389	  0.118056	  0.243056	
  0.270833	  0.326389	  0.069444	  0.333333	

URL http://cisbp.ccbr.utoronto.ca/TFreport.php?versionNumber=2.00&searchTF=T266426_2.00

