MEME version 5.4.1 (Tue Mar 1 19:18:48 2022 -0800)

ALPHABET= ACGT

strands: + -

Background letter frequencies (from uniform background):
A 0.25000 C 0.25000 G 0.25000 T 0.25000 

MOTIF M07078_2.00 ATY53

letter-probability matrix: alength= 4 w= 21 nsites= 1 E= 0
  0.100167	  0.377295	  0.118531	  0.404007	
  0.081803	  0.480801	  0.198664	  0.238731	
  0.006678	  0.549249	  0.000000	  0.444073	
  1.000000	  0.000000	  0.000000	  0.000000	
  0.091820	  0.904841	  0.000000	  0.003339	
  0.000000	  1.000000	  0.000000	  0.000000	
  0.323873	  0.041736	  0.000000	  0.634391	
  1.000000	  0.000000	  0.000000	  0.000000	
  0.597663	  0.400668	  0.000000	  0.001669	
  0.011686	  0.888147	  0.000000	  0.100167	
  0.445743	  0.116861	  0.245409	  0.191987	
  0.222037	  0.338898	  0.080134	  0.358932	
  0.253756	  0.275459	  0.101836	  0.368948	
  0.362270	  0.227045	  0.141903	  0.268781	
  0.250417	  0.307179	  0.155259	  0.287145	
  0.292154	  0.295492	  0.128548	  0.283806	
  0.297162	  0.258765	  0.160267	  0.283806	
  0.248748	  0.332220	  0.138564	  0.280467	
  0.318865	  0.225376	  0.133556	  0.322204	
  0.287145	  0.253756	  0.198664	  0.260434	
  0.272120	  0.303840	  0.150250	  0.273790	

URL http://cisbp.ccbr.utoronto.ca/TFreport.php?versionNumber=2.00&searchTF=T266438_2.00

