MEME version 5.4.1 (Tue Mar 1 19:18:48 2022 -0800)

ALPHABET= ACGT

strands: + -

Background letter frequencies (from uniform background):
A 0.25000 C 0.25000 G 0.25000 T 0.25000 

MOTIF M07005_2.00 MYB58

letter-probability matrix: alength= 4 w= 15 nsites= 1 E= 0
  0.241667	  0.200000	  0.318333	  0.240000	
  0.191667	  0.245000	  0.233333	  0.330000	
  0.096667	  0.245000	  0.085000	  0.573333	
  0.125000	  0.365000	  0.073333	  0.436667	
  0.001667	  0.713333	  0.006667	  0.278333	
  0.996666	  0.001667	  0.001667	  0.000000	
  0.118333	  0.881667	  0.000000	  0.000000	
  0.000000	  0.998333	  0.000000	  0.001667	
  0.688333	  0.001667	  0.003333	  0.306667	
  0.998333	  0.000000	  0.001667	  0.000000	
  0.306667	  0.690000	  0.000000	  0.003333	
  0.006667	  0.753333	  0.000000	  0.240000	
  0.400000	  0.298333	  0.080000	  0.221667	
  0.236667	  0.401667	  0.045000	  0.316667	
  0.306667	  0.281667	  0.110000	  0.301667	

URL http://cisbp.ccbr.utoronto.ca/TFreport.php?versionNumber=2.00&searchTF=T266330_2.00

