MEME version 5.4.1 (Tue Mar 1 19:18:48 2022 -0800)

ALPHABET= ACGT

strands: + -

Background letter frequencies (from uniform background):
A 0.25000 C 0.25000 G 0.25000 T 0.25000 

MOTIF M07027_2.00 MYB62

letter-probability matrix: alength= 4 w= 15 nsites= 1 E= 0
  0.250000	  0.304545	  0.150000	  0.295455	
  0.213636	  0.161364	  0.106818	  0.518182	
  0.549999	  0.011364	  0.427273	  0.011364	
  0.000000	  1.000000	  0.000000	  0.000000	
  0.000000	  1.000000	  0.000000	  0.000000	
  0.065909	  0.000000	  0.000000	  0.934091	
  1.000000	  0.000000	  0.000000	  0.000000	
  0.988636	  0.011364	  0.000000	  0.000000	
  0.075000	  0.597728	  0.072727	  0.254545	
  0.161364	  0.131818	  0.027273	  0.679545	
  0.295455	  0.136364	  0.052273	  0.515908	
  0.227273	  0.138636	  0.150000	  0.484091	
  0.254545	  0.172727	  0.109091	  0.463636	
  0.245455	  0.168182	  0.200000	  0.386364	
  0.195455	  0.218182	  0.136364	  0.450000	

URL http://cisbp.ccbr.utoronto.ca/TFreport.php?versionNumber=2.00&searchTF=T266363_2.00

