MEME version 5.4.1 (Tue Mar 1 19:18:48 2022 -0800)

ALPHABET= ACGT

strands: + -

Background letter frequencies (from uniform background):
A 0.25000 C 0.25000 G 0.25000 T 0.25000 

MOTIF M07095_2.00 F3A4.140

letter-probability matrix: alength= 4 w= 15 nsites= 1 E= 0
  0.080000	  0.198333	  0.000000	  0.721667	
  1.000000	  0.000000	  0.000000	  0.000000	
  1.000000	  0.000000	  0.000000	  0.000000	
  0.000000	  1.000000	  0.000000	  0.000000	
  0.000000	  0.480000	  0.280000	  0.240000	
  0.041667	  0.000000	  0.953333	  0.005000	
  0.158333	  0.173333	  0.023333	  0.645001	
  0.301667	  0.351667	  0.000000	  0.346667	
  0.476667	  0.046667	  0.093333	  0.383333	
  0.298333	  0.240000	  0.055000	  0.406667	
  0.396667	  0.193333	  0.138333	  0.271667	
  0.420000	  0.178333	  0.145000	  0.256667	
  0.240000	  0.413333	  0.096667	  0.250000	
  0.263333	  0.325000	  0.161667	  0.250000	
  0.291667	  0.160000	  0.331667	  0.216667	

URL http://cisbp.ccbr.utoronto.ca/TFreport.php?versionNumber=2.00&searchTF=T266468_2.00

