MEME version 5.4.1 (Tue Mar 1 19:18:48 2022 -0800)

ALPHABET= ACGT

strands: + -

Background letter frequencies (from uniform background):
A 0.25000 C 0.25000 G 0.25000 T 0.25000 

MOTIF M07001_2.00 MYB60

letter-probability matrix: alength= 4 w= 19 nsites= 1 E= 0
  0.278281	  0.314480	  0.110860	  0.296380	
  0.328054	  0.190045	  0.151584	  0.330317	
  0.251131	  0.180995	  0.169683	  0.398190	
  0.144796	  0.361991	  0.085973	  0.407240	
  0.110860	  0.366516	  0.090498	  0.432127	
  0.085973	  0.513575	  0.052036	  0.348416	
  0.000000	  0.975113	  0.000000	  0.024887	
  0.993213	  0.004525	  0.002262	  0.000000	
  0.871041	  0.126697	  0.000000	  0.002262	
  0.000000	  1.000000	  0.000000	  0.000000	
  0.065611	  0.529412	  0.000000	  0.404977	
  0.975113	  0.000000	  0.024887	  0.000000	
  0.128959	  0.834842	  0.000000	  0.036199	
  0.126697	  0.513574	  0.000000	  0.359729	
  0.244344	  0.085973	  0.065611	  0.604072	
  0.219457	  0.298643	  0.072398	  0.409502	
  0.246606	  0.285068	  0.101810	  0.366516	
  0.307692	  0.185520	  0.190045	  0.316742	
  0.187783	  0.339367	  0.133484	  0.339367	

URL http://cisbp.ccbr.utoronto.ca/TFreport.php?versionNumber=2.00&searchTF=T266321_2.00

