MEME version 5.4.1 (Tue Mar 1 19:18:48 2022 -0800)

ALPHABET= ACGT

strands: + -

Background letter frequencies (from uniform background):
A 0.25000 C 0.25000 G 0.25000 T 0.25000 

MOTIF M07011_2.00 AT1G18960

letter-probability matrix: alength= 4 w= 22 nsites= 1 E= 0
  0.169591	  0.339181	  0.216374	  0.274854	
  0.497076	  0.134503	  0.152047	  0.216374	
  0.362573	  0.163743	  0.233918	  0.239766	
  0.269006	  0.391813	  0.087719	  0.251462	
  0.426901	  0.163743	  0.181287	  0.228070	
  0.257310	  0.228070	  0.181287	  0.333333	
  0.298246	  0.350877	  0.076023	  0.274854	
  0.444444	  0.134503	  0.122807	  0.298246	
  0.298246	  0.175439	  0.169591	  0.356725	
  0.000000	  1.000000	  0.000000	  0.000000	
  0.959064	  0.040936	  0.000000	  0.000000	
  0.584795	  0.356725	  0.058480	  0.000000	
  0.000000	  0.976608	  0.023392	  0.000000	
  0.959064	  0.000000	  0.000000	  0.040936	
  0.929825	  0.070175	  0.000000	  0.000000	
  0.000000	  0.994152	  0.000000	  0.005848	
  0.526315	  0.163743	  0.140351	  0.169591	
  0.280702	  0.210526	  0.140351	  0.368421	
  0.216374	  0.298246	  0.222222	  0.263158	
  0.432749	  0.152047	  0.187135	  0.228070	
  0.251462	  0.286550	  0.181287	  0.280702	
  0.263158	  0.385965	  0.087719	  0.263158	

URL http://cisbp.ccbr.utoronto.ca/TFreport.php?versionNumber=2.00&searchTF=T266337_2.00

