MEME version 5.4.1 (Tue Mar 1 19:18:48 2022 -0800)

ALPHABET= ACGT

strands: + -

Background letter frequencies (from uniform background):
A 0.25000 C 0.25000 G 0.25000 T 0.25000 

MOTIF M07072_2.00 AT3G10580

letter-probability matrix: alength= 4 w= 15 nsites= 1 E= 0
  0.671429	  0.085714	  0.157143	  0.085714	
  0.550000	  0.000000	  0.000000	  0.450000	
  0.064286	  0.378571	  0.264286	  0.292857	
  0.142857	  0.692857	  0.042857	  0.121429	
  0.007143	  0.007143	  0.000000	  0.985714	
  0.021429	  0.000000	  0.000000	  0.978571	
  0.971429	  0.000000	  0.000000	  0.028571	
  0.000000	  0.000000	  0.007143	  0.992857	
  0.057143	  0.942857	  0.000000	  0.000000	
  0.078571	  0.542858	  0.035714	  0.342857	
  0.371429	  0.078571	  0.085714	  0.464286	
  0.378571	  0.214286	  0.100000	  0.307143	
  0.521429	  0.014286	  0.028571	  0.435714	
  0.328571	  0.221429	  0.014286	  0.435714	
  0.207143	  0.235714	  0.100000	  0.457143	

URL http://cisbp.ccbr.utoronto.ca/TFreport.php?versionNumber=2.00&searchTF=T266431_2.00

