MEME version 5.4.1 (Tue Mar 1 19:18:48 2022 -0800)

ALPHABET= ACGT

strands: + -

Background letter frequencies (from uniform background):
A 0.25000 C 0.25000 G 0.25000 T 0.25000 

MOTIF M07081_2.00 AtMYB10

letter-probability matrix: alength= 4 w= 16 nsites= 1 E= 0
  0.105983	  0.364103	  0.083761	  0.446154	
  0.073504	  0.418803	  0.063248	  0.444444	
  0.005128	  0.690598	  0.020513	  0.283761	
  0.996581	  0.000000	  0.003419	  0.000000	
  0.011966	  0.984615	  0.003419	  0.000000	
  0.000000	  1.000000	  0.000000	  0.000000	
  0.297436	  0.000000	  0.001709	  0.700855	
  0.998291	  0.000000	  0.000000	  0.001709	
  0.288889	  0.699145	  0.000000	  0.011966	
  0.023932	  0.777778	  0.001709	  0.196581	
  0.420513	  0.288889	  0.032479	  0.258120	
  0.343590	  0.367521	  0.035897	  0.252991	
  0.362393	  0.246154	  0.100855	  0.290598	
  0.353846	  0.251282	  0.121368	  0.273504	
  0.282051	  0.263248	  0.135043	  0.319658	
  0.360684	  0.287179	  0.099145	  0.252991	

URL http://cisbp.ccbr.utoronto.ca/TFreport.php?versionNumber=2.00&searchTF=T266441_2.00

