MEME version 5.4.1 (Tue Mar 1 19:18:48 2022 -0800)

ALPHABET= ACGT

strands: + -

Background letter frequencies (from uniform background):
A 0.25000 C 0.25000 G 0.25000 T 0.25000 

MOTIF M07089_2.00 MYB30

letter-probability matrix: alength= 4 w= 15 nsites= 1 E= 0
  0.153199	  0.306397	  0.195286	  0.345118	
  0.141414	  0.356902	  0.084175	  0.417508	
  0.260943	  0.439394	  0.067340	  0.232323	
  0.180135	  0.537037	  0.067340	  0.215488	
  0.011785	  0.843434	  0.000000	  0.144781	
  0.983164	  0.015152	  0.000000	  0.001684	
  0.880471	  0.102694	  0.003367	  0.013468	
  0.000000	  1.000000	  0.000000	  0.000000	
  0.062290	  0.525252	  0.021886	  0.390572	
  0.764309	  0.011785	  0.173401	  0.050505	
  0.166667	  0.744107	  0.000000	  0.089226	
  0.085859	  0.681818	  0.000000	  0.232323	
  0.616161	  0.079125	  0.057239	  0.247475	
  0.402357	  0.383838	  0.045455	  0.168350	
  0.161616	  0.612794	  0.045455	  0.180135	

URL http://cisbp.ccbr.utoronto.ca/TFreport.php?versionNumber=2.00&searchTF=T266458_2.00

