MEME version 5.4.1 (Tue Mar 1 19:18:48 2022 -0800)

ALPHABET= ACGT

strands: + -

Background letter frequencies (from uniform background):
A 0.25000 C 0.25000 G 0.25000 T 0.25000 

MOTIF M07022_2.00 AT1G49010

letter-probability matrix: alength= 4 w= 15 nsites= 1 E= 0
  0.315526	  0.253756	  0.140234	  0.290484	
  0.332220	  0.171953	  0.103506	  0.392321	
  0.270451	  0.186978	  0.105175	  0.437396	
  0.542571	  0.108514	  0.090150	  0.258765	
  0.550918	  0.033389	  0.051753	  0.363940	
  0.023372	  0.535893	  0.051753	  0.388982	
  0.148581	  0.714524	  0.111853	  0.025042	
  0.030050	  0.020033	  0.000000	  0.949917	
  0.040067	  0.090150	  0.000000	  0.869783	
  0.998331	  0.000000	  0.000000	  0.001669	
  0.000000	  0.000000	  0.000000	  1.000000	
  0.000000	  1.000000	  0.000000	  0.000000	
  0.135225	  0.465776	  0.006678	  0.392321	
  0.405676	  0.081803	  0.078464	  0.434057	
  0.323873	  0.337229	  0.040067	  0.298831	

URL http://cisbp.ccbr.utoronto.ca/TFreport.php?versionNumber=2.00&searchTF=T266348_2.00

