MEME version 5.4.1 (Tue Mar 1 19:18:48 2022 -0800)

ALPHABET= ACGT

strands: + -

Background letter frequencies (from uniform background):
A 0.25000 C 0.25000 G 0.25000 T 0.25000 

MOTIF M07061_2.00 MYB107

letter-probability matrix: alength= 4 w= 18 nsites= 1 E= 0
  0.383333	  0.230000	  0.173333	  0.213333	
  0.345000	  0.125000	  0.296667	  0.233333	
  0.280000	  0.120000	  0.223333	  0.376667	
  0.238333	  0.145000	  0.030000	  0.586667	
  0.340000	  0.105000	  0.231667	  0.323333	
  0.098333	  0.160000	  0.533334	  0.208333	
  0.073333	  0.256667	  0.196667	  0.473333	
  0.071667	  0.255000	  0.051667	  0.621666	
  0.046667	  0.619999	  0.111667	  0.221667	
  0.996667	  0.000000	  0.003333	  0.000000	
  0.198333	  0.780001	  0.003333	  0.018333	
  0.000000	  1.000000	  0.000000	  0.000000	
  0.351667	  0.070000	  0.008333	  0.570000	
  1.000000	  0.000000	  0.000000	  0.000000	
  0.416667	  0.581666	  0.000000	  0.001667	
  0.038333	  0.625000	  0.000000	  0.336667	
  0.376667	  0.148333	  0.058333	  0.416667	
  0.328333	  0.225000	  0.063333	  0.383333	

URL http://cisbp.ccbr.utoronto.ca/TFreport.php?versionNumber=2.00&searchTF=T266420_2.00

