MEME version 5.4.1 (Tue Mar 1 19:18:48 2022 -0800)

ALPHABET= ACGT

strands: + -

Background letter frequencies (from uniform background):
A 0.25000 C 0.25000 G 0.25000 T 0.25000 

MOTIF M07055_2.00 AT2G38090

letter-probability matrix: alength= 4 w= 21 nsites= 1 E= 0
  0.296875	  0.375000	  0.000000	  0.328125	
  0.156250	  0.281250	  0.093750	  0.468750	
  0.078125	  0.375000	  0.140625	  0.406250	
  0.734375	  0.109375	  0.046875	  0.109375	
  0.234375	  0.046875	  0.062500	  0.656250	
  0.187500	  0.375000	  0.156250	  0.281250	
  0.140625	  0.625000	  0.046875	  0.187500	
  0.015625	  0.000000	  0.000000	  0.984375	
  0.000000	  0.015625	  0.015625	  0.968750	
  0.984375	  0.015625	  0.000000	  0.000000	
  0.000000	  0.000000	  0.000000	  1.000000	
  0.000000	  1.000000	  0.000000	  0.000000	
  0.031250	  0.656250	  0.000000	  0.312500	
  0.484375	  0.000000	  0.109375	  0.406250	
  0.390625	  0.203125	  0.140625	  0.265625	
  0.453125	  0.000000	  0.015625	  0.531250	
  0.312500	  0.281250	  0.031250	  0.375000	
  0.156250	  0.328125	  0.015625	  0.500000	
  0.218750	  0.187500	  0.156250	  0.437500	
  0.125000	  0.125000	  0.156250	  0.593750	
  0.156250	  0.171875	  0.203125	  0.468750	

URL http://cisbp.ccbr.utoronto.ca/TFreport.php?versionNumber=2.00&searchTF=T266404_2.00

