MEME version 5.4.1 (Tue Mar 1 19:18:48 2022 -0800)

ALPHABET= ACGT

strands: + -

Background letter frequencies (from uniform background):
A 0.25000 C 0.25000 G 0.25000 T 0.25000 

MOTIF M07099_2.00 AtMYB17

letter-probability matrix: alength= 4 w= 15 nsites= 1 E= 0
  0.070053	  0.439580	  0.077058	  0.413310	
  0.134851	  0.367776	  0.061296	  0.436077	
  0.101576	  0.609457	  0.010508	  0.278459	
  0.996497	  0.000000	  0.000000	  0.003503	
  0.129597	  0.870403	  0.000000	  0.000000	
  0.000000	  1.000000	  0.000000	  0.000000	
  0.241681	  0.040280	  0.000000	  0.718039	
  1.000000	  0.000000	  0.000000	  0.000000	
  0.127846	  0.865149	  0.005254	  0.001751	
  0.001751	  0.805605	  0.000000	  0.192644	
  0.544659	  0.117338	  0.022767	  0.315236	
  0.420315	  0.246935	  0.057793	  0.274956	
  0.304729	  0.336252	  0.096322	  0.262697	
  0.315236	  0.227671	  0.101576	  0.355517	
  0.292469	  0.210158	  0.098074	  0.399299	

URL http://cisbp.ccbr.utoronto.ca/TFreport.php?versionNumber=2.00&searchTF=T266476_2.00

