MEME version 5.4.1 (Tue Mar 1 19:18:48 2022 -0800)

ALPHABET= ACGT

strands: + -

Background letter frequencies (from uniform background):
A 0.25000 C 0.25000 G 0.25000 T 0.25000 

MOTIF M07092_2.00 TRP2

letter-probability matrix: alength= 4 w= 20 nsites= 1 E= 0
  0.947368	  0.000000	  0.013158	  0.039474	
  0.947368	  0.000000	  0.026316	  0.026316	
  0.947368	  0.000000	  0.000000	  0.052632	
  0.000000	  0.868421	  0.026316	  0.105263	
  0.078947	  0.828948	  0.026316	  0.065789	
  0.000000	  0.855263	  0.013158	  0.131579	
  0.039474	  0.013158	  0.013158	  0.934210	
  0.947368	  0.000000	  0.000000	  0.052632	
  1.000000	  0.000000	  0.000000	  0.000000	
  0.986842	  0.000000	  0.000000	  0.013158	
  0.000000	  0.986842	  0.013158	  0.000000	
  0.026316	  0.973684	  0.000000	  0.000000	
  0.026316	  0.934210	  0.039474	  0.000000	
  0.026316	  0.000000	  0.039474	  0.934210	
  0.960526	  0.000000	  0.013158	  0.026316	
  0.894737	  0.078947	  0.000000	  0.026316	
  0.960526	  0.000000	  0.026316	  0.013158	
  0.013158	  0.907895	  0.000000	  0.078947	
  0.092105	  0.815790	  0.026316	  0.065789	
  0.092105	  0.802632	  0.026316	  0.078947	

URL http://cisbp.ccbr.utoronto.ca/TFreport.php?versionNumber=2.00&searchTF=T266462_2.00

