MEME version 5.4.1 (Tue Mar 1 19:18:48 2022 -0800)

ALPHABET= ACGT

strands: + -

Background letter frequencies (from uniform background):
A 0.25000 C 0.25000 G 0.25000 T 0.25000 

MOTIF M07040_2.00 PHL7

letter-probability matrix: alength= 4 w= 15 nsites= 1 E= 0
  0.367450	  0.124161	  0.275168	  0.233221	
  0.243289	  0.087248	  0.536913	  0.132550	
  0.550336	  0.135906	  0.125839	  0.187919	
  0.979866	  0.000000	  0.000000	  0.020134	
  0.000000	  0.000000	  0.419463	  0.580537	
  1.000000	  0.000000	  0.000000	  0.000000	
  0.008389	  0.000000	  0.000000	  0.991611	
  0.046980	  0.008389	  0.110738	  0.833893	
  0.001678	  0.998322	  0.000000	  0.000000	
  0.001678	  0.318792	  0.241611	  0.437919	
  0.290268	  0.179530	  0.161074	  0.369128	
  0.268456	  0.181208	  0.095638	  0.454698	
  0.239933	  0.134228	  0.164430	  0.461409	
  0.270134	  0.156040	  0.208054	  0.365772	
  0.224832	  0.226510	  0.169463	  0.379195	

URL http://cisbp.ccbr.utoronto.ca/TFreport.php?versionNumber=2.00&searchTF=T266378_2.00

