MEME version 5.4.1 (Tue Mar 1 19:18:48 2022 -0800)

ALPHABET= ACGT

strands: + -

Background letter frequencies (from uniform background):
A 0.25000 C 0.25000 G 0.25000 T 0.25000 

MOTIF M07074_2.00 AT3G11280

letter-probability matrix: alength= 4 w= 14 nsites= 1 E= 0
  0.489691	  0.051546	  0.266323	  0.192440	
  0.427835	  0.048110	  0.025773	  0.498282	
  0.252577	  0.087629	  0.335052	  0.324742	
  0.592784	  0.089347	  0.108247	  0.209622	
  0.508590	  0.037801	  0.247423	  0.206186	
  0.000000	  0.000000	  1.000000	  0.000000	
  0.984536	  0.010309	  0.005155	  0.000000	
  0.000000	  0.000000	  0.000000	  1.000000	
  0.833333	  0.000000	  0.159794	  0.006873	
  0.970790	  0.000000	  0.029210	  0.000000	
  0.070447	  0.109966	  0.618556	  0.201031	
  0.331615	  0.058419	  0.560138	  0.049828	
  0.477663	  0.048110	  0.027491	  0.446735	
  0.197595	  0.103093	  0.079038	  0.620274	

URL http://cisbp.ccbr.utoronto.ca/TFreport.php?versionNumber=2.00&searchTF=T266435_2.00

