MEME version 5.4.1 (Tue Mar 1 19:18:48 2022 -0800)

ALPHABET= ACGT

strands: + -

Background letter frequencies (from uniform background):
A 0.25000 C 0.25000 G 0.25000 T 0.25000 

MOTIF M07184_2.00 SMB

letter-probability matrix: alength= 4 w= 21 nsites= 1 E= 0
  0.076667	  0.006667	  0.000000	  0.916666	
  0.195000	  0.041667	  0.103333	  0.660000	
  0.268333	  0.141667	  0.445000	  0.145000	
  0.033333	  0.963334	  0.003333	  0.000000	
  0.000000	  0.001667	  0.285000	  0.713333	
  0.000000	  0.000000	  0.010000	  0.990000	
  0.193333	  0.211667	  0.530000	  0.065000	
  0.388333	  0.158333	  0.100000	  0.353333	
  0.385000	  0.090000	  0.250000	  0.275000	
  0.283333	  0.236667	  0.156667	  0.323333	
  0.200000	  0.261667	  0.103333	  0.435000	
  0.298333	  0.140000	  0.208333	  0.353333	
  0.006667	  0.536666	  0.056667	  0.400000	
  1.000000	  0.000000	  0.000000	  0.000000	
  0.303333	  0.696667	  0.000000	  0.000000	
  0.015000	  0.000000	  0.898333	  0.086667	
  0.035000	  0.480000	  0.023333	  0.461667	
  0.411667	  0.161667	  0.011667	  0.415000	
  0.835000	  0.005000	  0.005000	  0.155000	
  0.130000	  0.523334	  0.068333	  0.278333	
  0.165000	  0.553333	  0.111667	  0.170000	

URL http://cisbp.ccbr.utoronto.ca/TFreport.php?versionNumber=2.00&searchTF=T292047_2.00

