MEME version 5.4.1 (Tue Mar 1 19:18:48 2022 -0800)

ALPHABET= ACGT

strands: + -

Background letter frequencies (from uniform background):
A 0.25000 C 0.25000 G 0.25000 T 0.25000 

MOTIF M07148_2.00 TRP1

letter-probability matrix: alength= 4 w= 23 nsites= 1 E= 0
  0.937500	  0.000000	  0.000000	  0.062500	
  0.916667	  0.000000	  0.000000	  0.083333	
  0.979167	  0.000000	  0.000000	  0.020833	
  0.000000	  0.916667	  0.020833	  0.062500	
  0.104167	  0.812499	  0.041667	  0.041667	
  0.041667	  0.749999	  0.104167	  0.104167	
  0.000000	  0.000000	  0.000000	  1.000000	
  0.979167	  0.000000	  0.000000	  0.020833	
  0.979167	  0.000000	  0.020833	  0.000000	
  1.000000	  0.000000	  0.000000	  0.000000	
  0.000000	  0.895833	  0.000000	  0.104167	
  0.083333	  0.895834	  0.000000	  0.020833	
  0.000000	  0.979167	  0.020833	  0.000000	
  0.020833	  0.000000	  0.000000	  0.979167	
  0.979167	  0.000000	  0.000000	  0.020833	
  0.895833	  0.041667	  0.000000	  0.062500	
  0.958333	  0.000000	  0.041667	  0.000000	
  0.000000	  0.895834	  0.020833	  0.083333	
  0.166667	  0.812500	  0.000000	  0.020833	
  0.062500	  0.937500	  0.000000	  0.000000	
  0.041667	  0.020833	  0.000000	  0.937500	
  0.979167	  0.000000	  0.000000	  0.020833	
  0.916667	  0.000000	  0.000000	  0.083333	

URL http://cisbp.ccbr.utoronto.ca/TFreport.php?versionNumber=2.00&searchTF=T266574_2.00

