MEME version 5.4.1 (Tue Mar 1 19:18:48 2022 -0800)

ALPHABET= ACGT

strands: + -

Background letter frequencies (from uniform background):
A 0.25000 C 0.25000 G 0.25000 T 0.25000 

MOTIF M07172_2.00 anac016

letter-probability matrix: alength= 4 w= 15 nsites= 1 E= 0
  0.192630	  0.001675	  0.211055	  0.594640	
  0.298157	  0.273032	  0.336683	  0.092127	
  0.030151	  0.966499	  0.000000	  0.003350	
  0.000000	  0.000000	  0.465662	  0.534338	
  0.000000	  0.000000	  0.000000	  1.000000	
  0.035176	  0.085427	  0.874372	  0.005025	
  0.232831	  0.201005	  0.145729	  0.420436	
  0.108878	  0.217755	  0.271357	  0.402010	
  0.226131	  0.472362	  0.152429	  0.149079	
  0.182580	  0.256281	  0.134003	  0.427136	
  0.185930	  0.303183	  0.311558	  0.199330	
  0.000000	  0.968174	  0.000000	  0.031826	
  1.000000	  0.000000	  0.000000	  0.000000	
  0.562814	  0.437186	  0.000000	  0.000000	
  0.001675	  0.000000	  0.998325	  0.000000	

URL http://cisbp.ccbr.utoronto.ca/TFreport.php?versionNumber=2.00&searchTF=T292026_2.00

