MEME version 5.4.1 (Tue Mar 1 19:18:48 2022 -0800)

ALPHABET= ACGT

strands: + -

Background letter frequencies (from uniform background):
A 0.25000 C 0.25000 G 0.25000 T 0.25000 

MOTIF M07109_2.00 AtMYB41

letter-probability matrix: alength= 4 w= 15 nsites= 1 E= 0
  0.250000	  0.108696	  0.250000	  0.391304	
  0.201087	  0.184783	  0.086957	  0.527173	
  0.309783	  0.092391	  0.211957	  0.385870	
  0.103261	  0.141304	  0.521739	  0.233696	
  0.065217	  0.239130	  0.201087	  0.494565	
  0.076087	  0.179348	  0.070652	  0.673913	
  0.103261	  0.456522	  0.108696	  0.331522	
  1.000000	  0.000000	  0.000000	  0.000000	
  0.054348	  0.945652	  0.000000	  0.000000	
  0.000000	  1.000000	  0.000000	  0.000000	
  0.092391	  0.016304	  0.000000	  0.891305	
  1.000000	  0.000000	  0.000000	  0.000000	
  0.619565	  0.369565	  0.000000	  0.010870	
  0.097826	  0.538044	  0.021739	  0.342391	
  0.217391	  0.135870	  0.010870	  0.635869	

URL http://cisbp.ccbr.utoronto.ca/TFreport.php?versionNumber=2.00&searchTF=T266500_2.00

