MEME version 5.4.1 (Tue Mar 1 19:18:48 2022 -0800)

ALPHABET= ACGT

strands: + -

Background letter frequencies (from uniform background):
A 0.25000 C 0.25000 G 0.25000 T 0.25000 

MOTIF M07108_2.00 MYB98

letter-probability matrix: alength= 4 w= 15 nsites= 1 E= 0
  0.387205	  0.122896	  0.218855	  0.271044	
  0.537037	  0.063973	  0.094276	  0.304714	
  0.436027	  0.080808	  0.112795	  0.370370	
  0.402357	  0.109428	  0.095960	  0.392256	
  0.271044	  0.212121	  0.095960	  0.420875	
  0.075758	  0.000000	  0.924242	  0.000000	
  0.023569	  0.000000	  0.000000	  0.976431	
  1.000000	  0.000000	  0.000000	  0.000000	
  1.000000	  0.000000	  0.000000	  0.000000	
  0.000000	  1.000000	  0.000000	  0.000000	
  0.003367	  0.112795	  0.828282	  0.055556	
  0.000000	  0.060606	  0.516835	  0.422559	
  0.528620	  0.134680	  0.000000	  0.336700	
  0.338384	  0.232323	  0.026936	  0.402357	
  0.412458	  0.099327	  0.281145	  0.207071	

URL http://cisbp.ccbr.utoronto.ca/TFreport.php?versionNumber=2.00&searchTF=T266495_2.00

