MEME version 5.4.1 (Tue Mar 1 19:18:48 2022 -0800)

ALPHABET= ACGT

strands: + -

Background letter frequencies (from uniform background):
A 0.25000 C 0.25000 G 0.25000 T 0.25000 

MOTIF M07164_2.00 NAC007

letter-probability matrix: alength= 4 w= 16 nsites= 1 E= 0
  0.088777	  0.000000	  0.000000	  0.911223	
  0.167504	  0.015075	  0.092127	  0.725294	
  0.216080	  0.056951	  0.621441	  0.105528	
  0.036851	  0.963149	  0.000000	  0.000000	
  0.000000	  0.000000	  0.319933	  0.680067	
  0.000000	  0.000000	  0.003350	  0.996650	
  0.212730	  0.182580	  0.544388	  0.060302	
  0.343384	  0.159129	  0.092127	  0.405360	
  0.341709	  0.092127	  0.201005	  0.365159	
  0.244556	  0.227806	  0.162479	  0.365159	
  0.152429	  0.236181	  0.154104	  0.457286	
  0.216080	  0.159129	  0.167504	  0.457286	
  0.000000	  0.423786	  0.041876	  0.534338	
  1.000000	  0.000000	  0.000000	  0.000000	
  0.299832	  0.700168	  0.000000	  0.000000	
  0.000000	  0.000000	  0.924623	  0.075377	

URL http://cisbp.ccbr.utoronto.ca/TFreport.php?versionNumber=2.00&searchTF=T292016_2.00

