MEME version 5.4.1 (Tue Mar 1 19:18:48 2022 -0800)

ALPHABET= ACGT

strands: + -

Background letter frequencies (from uniform background):
A 0.25000 C 0.25000 G 0.25000 T 0.25000 

MOTIF M07102_2.00 MYB55

letter-probability matrix: alength= 4 w= 15 nsites= 1 E= 0
  0.289298	  0.289298	  0.110368	  0.311037	
  0.329431	  0.230769	  0.133779	  0.306020	
  0.312709	  0.187291	  0.227425	  0.272575	
  0.280936	  0.297659	  0.155518	  0.265886	
  0.135452	  0.324415	  0.112040	  0.428094	
  0.117057	  0.446488	  0.175585	  0.260870	
  0.015050	  0.558529	  0.003344	  0.423077	
  0.998328	  0.000000	  0.000000	  0.001672	
  0.269231	  0.730769	  0.000000	  0.000000	
  0.000000	  1.000000	  0.000000	  0.000000	
  0.466555	  0.086957	  0.000000	  0.446488	
  1.000000	  0.000000	  0.000000	  0.000000	
  0.250836	  0.745820	  0.000000	  0.003344	
  0.000000	  0.889632	  0.000000	  0.110368	
  0.474916	  0.068562	  0.204013	  0.252508	

URL http://cisbp.ccbr.utoronto.ca/TFreport.php?versionNumber=2.00&searchTF=T266482_2.00

