MEME version 5.4.1 (Tue Mar 1 19:18:48 2022 -0800)

ALPHABET= ACGT

strands: + -

Background letter frequencies (from uniform background):
A 0.25000 C 0.25000 G 0.25000 T 0.25000 

MOTIF M07149_2.00 AT5G61620

letter-probability matrix: alength= 4 w= 15 nsites= 1 E= 0
  0.510852	  0.103506	  0.086811	  0.298831	
  0.514190	  0.058431	  0.118531	  0.308848	
  0.148581	  0.318865	  0.091820	  0.440735	
  0.151920	  0.517529	  0.078464	  0.252087	
  0.056761	  0.088481	  0.000000	  0.854758	
  0.025042	  0.015025	  0.026711	  0.933222	
  1.000000	  0.000000	  0.000000	  0.000000	
  0.000000	  0.000000	  0.000000	  1.000000	
  0.000000	  1.000000	  0.000000	  0.000000	
  0.000000	  0.839733	  0.000000	  0.160267	
  0.702838	  0.010017	  0.096828	  0.190317	
  0.470785	  0.186978	  0.050083	  0.292154	
  0.619367	  0.016694	  0.016694	  0.347245	
  0.427379	  0.113523	  0.030050	  0.429048	
  0.272120	  0.248748	  0.136895	  0.342237	

URL http://cisbp.ccbr.utoronto.ca/TFreport.php?versionNumber=2.00&searchTF=T266579_2.00

