MEME version 5.4.1 (Tue Mar 1 19:18:48 2022 -0800)

ALPHABET= ACGT

strands: + -

Background letter frequencies (from uniform background):
A 0.25000 C 0.25000 G 0.25000 T 0.25000 

MOTIF M07186_2.00 NAC035

letter-probability matrix: alength= 4 w= 19 nsites= 1 E= 0
  0.003344	  0.996656	  0.000000	  0.000000	
  0.006689	  0.443144	  0.341137	  0.209030	
  0.016722	  0.102007	  0.048495	  0.832776	
  0.262542	  0.235786	  0.336120	  0.165552	
  0.290970	  0.178930	  0.147157	  0.382943	
  0.227425	  0.260870	  0.145485	  0.366221	
  0.188963	  0.279264	  0.183946	  0.347826	
  0.302676	  0.225753	  0.137124	  0.334448	
  0.489967	  0.103679	  0.177258	  0.229097	
  0.063545	  0.550167	  0.061873	  0.324415	
  0.981606	  0.015050	  0.003344	  0.000000	
  0.025084	  0.801003	  0.170569	  0.003344	
  0.000000	  0.000000	  1.000000	  0.000000	
  0.036789	  0.100334	  0.548496	  0.314381	
  0.301003	  0.568562	  0.000000	  0.130435	
  0.924749	  0.003344	  0.031773	  0.040134	
  0.314381	  0.269231	  0.088629	  0.327759	
  0.227425	  0.362876	  0.108696	  0.301003	
  0.178930	  0.188963	  0.205686	  0.426421	

URL http://cisbp.ccbr.utoronto.ca/TFreport.php?versionNumber=2.00&searchTF=T292048_2.00

