MEME version 5.4.1 (Tue Mar 1 19:18:48 2022 -0800)

ALPHABET= ACGT

strands: + -

Background letter frequencies (from uniform background):
A 0.25000 C 0.25000 G 0.25000 T 0.25000 

MOTIF M07106_2.00 MYB39

letter-probability matrix: alength= 4 w= 14 nsites= 1 E= 0
  0.157265	  0.169231	  0.196581	  0.476923	
  0.049573	  0.309402	  0.094017	  0.547008	
  0.066667	  0.352137	  0.073504	  0.507692	
  0.034188	  0.670086	  0.017094	  0.278632	
  0.993162	  0.000000	  0.006838	  0.000000	
  0.138462	  0.856410	  0.000000	  0.005128	
  0.000000	  1.000000	  0.000000	  0.000000	
  0.169231	  0.000000	  0.000000	  0.830769	
  1.000000	  0.000000	  0.000000	  0.000000	
  0.553846	  0.439316	  0.000000	  0.006838	
  0.046154	  0.470085	  0.000000	  0.483761	
  0.252991	  0.078632	  0.000000	  0.668377	
  0.223932	  0.206838	  0.054701	  0.514529	
  0.252991	  0.218803	  0.092308	  0.435897	

URL http://cisbp.ccbr.utoronto.ca/TFreport.php?versionNumber=2.00&searchTF=T266493_2.00

