MEME version 5.4.1 (Tue Mar 1 19:18:48 2022 -0800)

ALPHABET= ACGT

strands: + -

Background letter frequencies (from uniform background):
A 0.25000 C 0.25000 G 0.25000 T 0.25000 

MOTIF M07142_2.00 MYB80

letter-probability matrix: alength= 4 w= 15 nsites= 1 E= 0
  0.157983	  0.152941	  0.317647	  0.371429	
  0.062185	  0.242017	  0.136134	  0.559664	
  0.100840	  0.297479	  0.063866	  0.537815	
  0.062185	  0.470588	  0.065546	  0.401681	
  0.998319	  0.000000	  0.000000	  0.001681	
  0.228571	  0.771429	  0.000000	  0.000000	
  0.000000	  1.000000	  0.000000	  0.000000	
  0.211765	  0.008403	  0.005042	  0.774790	
  1.000000	  0.000000	  0.000000	  0.000000	
  0.626890	  0.371429	  0.000000	  0.001681	
  0.080672	  0.391597	  0.008403	  0.519328	
  0.216807	  0.068908	  0.006723	  0.707562	
  0.294118	  0.194958	  0.028571	  0.482353	
  0.226891	  0.154622	  0.168067	  0.450420	
  0.257143	  0.196639	  0.139496	  0.406723	

URL http://cisbp.ccbr.utoronto.ca/TFreport.php?versionNumber=2.00&searchTF=T266568_2.00

