MEME version 5.4.1 (Tue Mar 1 19:18:48 2022 -0800)

ALPHABET= ACGT

strands: + -

Background letter frequencies (from uniform background):
A 0.25000 C 0.25000 G 0.25000 T 0.25000 

MOTIF M07169_2.00 ANAC011

letter-probability matrix: alength= 4 w= 21 nsites= 1 E= 0
  0.236842	  0.074561	  0.548246	  0.140351	
  0.004386	  0.000000	  0.000000	  0.995614	
  0.026316	  0.000000	  0.008772	  0.964912	
  0.188596	  0.026316	  0.543860	  0.241228	
  0.000000	  1.000000	  0.000000	  0.000000	
  0.000000	  0.000000	  0.048246	  0.951754	
  0.000000	  0.008772	  0.000000	  0.991228	
  0.105263	  0.429825	  0.372807	  0.092105	
  0.271930	  0.184211	  0.135965	  0.407895	
  0.280702	  0.175439	  0.298246	  0.245614	
  0.276316	  0.372807	  0.100877	  0.250000	
  0.214912	  0.307018	  0.131579	  0.346491	
  0.372807	  0.070175	  0.311404	  0.245614	
  0.000000	  0.793860	  0.105263	  0.100877	
  0.995614	  0.000000	  0.004386	  0.000000	
  0.793860	  0.201754	  0.000000	  0.004386	
  0.000000	  0.000000	  1.000000	  0.000000	
  0.162281	  0.258772	  0.118421	  0.460526	
  0.618421	  0.109649	  0.017544	  0.254386	
  0.899123	  0.004386	  0.004386	  0.092105	
  0.118421	  0.535088	  0.092105	  0.254386	

URL http://cisbp.ccbr.utoronto.ca/TFreport.php?versionNumber=2.00&searchTF=T292021_2.00

