MEME version 5.4.1 (Tue Mar 1 19:18:48 2022 -0800)

ALPHABET= ACGT

strands: + -

Background letter frequencies (from uniform background):
A 0.25000 C 0.25000 G 0.25000 T 0.25000 

MOTIF M07180_2.00 NAC029

letter-probability matrix: alength= 4 w= 17 nsites= 1 E= 0
  0.296209	  0.298578	  0.236967	  0.168246	
  0.014218	  0.985782	  0.000000	  0.000000	
  0.009479	  0.026066	  0.781991	  0.182464	
  0.042654	  0.007109	  0.021327	  0.928910	
  0.319905	  0.184834	  0.438389	  0.056872	
  0.303318	  0.163507	  0.061611	  0.471564	
  0.315166	  0.213270	  0.154028	  0.317536	
  0.298578	  0.279621	  0.203791	  0.218009	
  0.277251	  0.215640	  0.177725	  0.329384	
  0.516587	  0.109005	  0.113744	  0.260664	
  0.045024	  0.582938	  0.090047	  0.281991	
  0.983412	  0.014218	  0.002370	  0.000000	
  0.023697	  0.976303	  0.000000	  0.000000	
  0.004739	  0.000000	  0.988152	  0.007109	
  0.071090	  0.239336	  0.182464	  0.507110	
  0.559242	  0.312796	  0.004739	  0.123223	
  0.860190	  0.000000	  0.000000	  0.139810	

URL http://cisbp.ccbr.utoronto.ca/TFreport.php?versionNumber=2.00&searchTF=T292043_2.00

