MEME version 5.4.1 (Tue Mar 1 19:18:48 2022 -0800)

ALPHABET= ACGT

strands: + -

Background letter frequencies (from uniform background):
A 0.25000 C 0.25000 G 0.25000 T 0.25000 

MOTIF M07192_2.00 NAC043

letter-probability matrix: alength= 4 w= 15 nsites= 1 E= 0
  0.167224	  0.040134	  0.033445	  0.759197	
  0.180602	  0.081940	  0.622073	  0.115385	
  0.033445	  0.966555	  0.000000	  0.000000	
  0.000000	  0.003344	  0.279264	  0.717392	
  0.000000	  0.000000	  0.006689	  0.993311	
  0.190635	  0.264214	  0.481605	  0.063545	
  0.389632	  0.153846	  0.112040	  0.344482	
  0.433110	  0.081940	  0.212375	  0.272575	
  0.259197	  0.170569	  0.175585	  0.394649	
  0.142140	  0.244147	  0.117057	  0.496656	
  0.239130	  0.150502	  0.222408	  0.387960	
  0.010033	  0.530101	  0.050167	  0.409699	
  1.000000	  0.000000	  0.000000	  0.000000	
  0.372910	  0.627090	  0.000000	  0.000000	
  0.008361	  0.000000	  0.908027	  0.083612	

URL http://cisbp.ccbr.utoronto.ca/TFreport.php?versionNumber=2.00&searchTF=T292055_2.00

