MEME version 5.4.1 (Tue Mar 1 19:18:48 2022 -0800)

ALPHABET= ACGT

strands: + -

Background letter frequencies (from uniform background):
A 0.25000 C 0.25000 G 0.25000 T 0.25000 

MOTIF M07194_2.00 NAC045

letter-probability matrix: alength= 4 w= 16 nsites= 1 E= 0
  0.016807	  0.000000	  0.000000	  0.983193	
  0.154622	  0.003361	  0.121008	  0.721009	
  0.252101	  0.139496	  0.408403	  0.200000	
  0.001681	  0.998319	  0.000000	  0.000000	
  0.000000	  0.011765	  0.157983	  0.830252	
  0.000000	  0.000000	  0.000000	  1.000000	
  0.036975	  0.299160	  0.608403	  0.055462	
  0.257143	  0.194958	  0.089076	  0.458824	
  0.253782	  0.186555	  0.240336	  0.319328	
  0.236975	  0.329412	  0.186555	  0.247059	
  0.230252	  0.307563	  0.139496	  0.322689	
  0.384874	  0.121008	  0.238655	  0.255462	
  0.016807	  0.734453	  0.092437	  0.156303	
  0.998319	  0.000000	  0.001681	  0.000000	
  0.537816	  0.433613	  0.028571	  0.000000	
  0.000000	  0.000000	  0.996639	  0.003361	

URL http://cisbp.ccbr.utoronto.ca/TFreport.php?versionNumber=2.00&searchTF=T292057_2.00

