MEME version 5.4.1 (Tue Mar 1 19:18:48 2022 -0800)

ALPHABET= ACGT

strands: + -

Background letter frequencies (from uniform background):
A 0.25000 C 0.25000 G 0.25000 T 0.25000 

MOTIF M07179_2.00 anac028

letter-probability matrix: alength= 4 w= 16 nsites= 1 E= 0
  0.000000	  1.000000	  0.000000	  0.000000	
  0.000000	  0.000000	  0.135906	  0.864094	
  0.000000	  0.000000	  0.000000	  1.000000	
  0.035235	  0.315436	  0.590604	  0.058725	
  0.241611	  0.192953	  0.090604	  0.474832	
  0.226510	  0.203020	  0.260067	  0.310403	
  0.248322	  0.332215	  0.157718	  0.261745	
  0.199664	  0.317114	  0.112416	  0.370805	
  0.360738	  0.098993	  0.266779	  0.273490	
  0.006711	  0.733222	  0.120805	  0.139262	
  1.000000	  0.000000	  0.000000	  0.000000	
  0.602349	  0.397651	  0.000000	  0.000000	
  0.000000	  0.000000	  0.979866	  0.020134	
  0.134228	  0.308725	  0.085570	  0.471477	
  0.515101	  0.154362	  0.000000	  0.330537	
  0.848993	  0.000000	  0.001678	  0.149329	

URL http://cisbp.ccbr.utoronto.ca/TFreport.php?versionNumber=2.00&searchTF=T292042_2.00

