MEME version 5.4.1 (Tue Mar 1 19:18:48 2022 -0800)

ALPHABET= ACGT

strands: + -

Background letter frequencies (from uniform background):
A 0.25000 C 0.25000 G 0.25000 T 0.25000 

MOTIF M07153_2.00 MYB96

letter-probability matrix: alength= 4 w= 21 nsites= 1 E= 0
  0.279863	  0.302048	  0.114334	  0.303754	
  0.319113	  0.303754	  0.121160	  0.255973	
  0.329352	  0.353242	  0.092150	  0.225256	
  0.518771	  0.187713	  0.097270	  0.196246	
  0.307167	  0.421502	  0.058020	  0.213311	
  0.104096	  0.406143	  0.112628	  0.377133	
  0.180887	  0.329352	  0.076792	  0.412969	
  0.401024	  0.389078	  0.059727	  0.150171	
  0.097270	  0.679180	  0.044369	  0.179181	
  0.006826	  0.887372	  0.001706	  0.104096	
  1.000000	  0.000000	  0.000000	  0.000000	
  0.827645	  0.172355	  0.000000	  0.000000	
  0.000000	  0.993174	  0.006826	  0.000000	
  0.092150	  0.494881	  0.020478	  0.392491	
  0.807167	  0.001706	  0.090444	  0.100683	
  0.245734	  0.539249	  0.020478	  0.194539	
  0.129693	  0.645052	  0.001706	  0.223549	
  0.336177	  0.095563	  0.042662	  0.525598	
  0.206485	  0.262799	  0.129693	  0.401024	
  0.216724	  0.380546	  0.093857	  0.308874	
  0.235495	  0.162116	  0.180887	  0.421502	

URL http://cisbp.ccbr.utoronto.ca/TFreport.php?versionNumber=2.00&searchTF=T266581_2.00

