MEME version 5.4.1 (Tue Mar 1 19:18:48 2022 -0800)

ALPHABET= ACGT

strands: + -

Background letter frequencies (from uniform background):
A 0.25000 C 0.25000 G 0.25000 T 0.25000 

MOTIF M07115_2.00 MYB4

letter-probability matrix: alength= 4 w= 15 nsites= 1 E= 0
  0.176573	  0.295455	  0.148601	  0.379371	
  0.111888	  0.356643	  0.090909	  0.440559	
  0.047203	  0.414336	  0.027972	  0.510489	
  1.000000	  0.000000	  0.000000	  0.000000	
  0.036713	  0.963287	  0.000000	  0.000000	
  0.000000	  1.000000	  0.000000	  0.000000	
  0.517482	  0.000000	  0.003497	  0.479021	
  0.996503	  0.000000	  0.003497	  0.000000	
  0.494755	  0.452797	  0.017483	  0.034965	
  0.185315	  0.472028	  0.017483	  0.325175	
  0.326923	  0.145105	  0.057692	  0.470280	
  0.342657	  0.194056	  0.104895	  0.358392	
  0.347902	  0.148601	  0.160839	  0.342657	
  0.358392	  0.104895	  0.157343	  0.379371	
  0.290210	  0.111888	  0.234266	  0.363636	

URL http://cisbp.ccbr.utoronto.ca/TFreport.php?versionNumber=2.00&searchTF=T266509_2.00

