MEME version 5.4.1 (Tue Mar 1 19:18:48 2022 -0800)

ALPHABET= ACGT

strands: + -

Background letter frequencies (from uniform background):
A 0.25000 C 0.25000 G 0.25000 T 0.25000 

MOTIF M07188_2.00 ANAC038

letter-probability matrix: alength= 4 w= 18 nsites= 1 E= 0
  0.308333	  0.026667	  0.178333	  0.486667	
  0.403333	  0.128333	  0.185000	  0.283333	
  0.036667	  0.919999	  0.001667	  0.041667	
  0.010000	  0.058333	  0.360000	  0.571667	
  0.066667	  0.021667	  0.003333	  0.908333	
  0.185000	  0.121667	  0.646666	  0.046667	
  0.216667	  0.153333	  0.060000	  0.570000	
  0.261667	  0.226667	  0.241667	  0.270000	
  0.278333	  0.333333	  0.150000	  0.238333	
  0.283333	  0.315000	  0.110000	  0.291667	
  0.641667	  0.040000	  0.165000	  0.153333	
  0.000000	  0.820000	  0.045000	  0.135000	
  1.000000	  0.000000	  0.000000	  0.000000	
  0.401667	  0.596666	  0.000000	  0.001667	
  0.000000	  0.005000	  0.956667	  0.038333	
  0.118333	  0.300000	  0.020000	  0.561667	
  0.490000	  0.141667	  0.006667	  0.361667	
  0.910000	  0.005000	  0.005000	  0.080000	

URL http://cisbp.ccbr.utoronto.ca/TFreport.php?versionNumber=2.00&searchTF=T292051_2.00

