MEME version 5.4.1 (Tue Mar 1 19:18:48 2022 -0800)

ALPHABET= ACGT

strands: + -

Background letter frequencies (from uniform background):
A 0.25000 C 0.25000 G 0.25000 T 0.25000 

MOTIF M07178_2.00 ANAC020

letter-probability matrix: alength= 4 w= 21 nsites= 1 E= 0
  0.020000	  0.000000	  0.000000	  0.980000	
  0.143333	  0.008333	  0.146667	  0.701667	
  0.280000	  0.138333	  0.333333	  0.248333	
  0.000000	  1.000000	  0.000000	  0.000000	
  0.000000	  0.000000	  0.258333	  0.741667	
  0.000000	  0.000000	  0.000000	  1.000000	
  0.050000	  0.171667	  0.750000	  0.028333	
  0.200000	  0.193333	  0.056667	  0.550000	
  0.243333	  0.191667	  0.228333	  0.336667	
  0.236667	  0.310000	  0.175000	  0.278333	
  0.266667	  0.278333	  0.140000	  0.315000	
  0.545000	  0.050000	  0.201667	  0.203333	
  0.000000	  0.828333	  0.031667	  0.140000	
  1.000000	  0.000000	  0.000000	  0.000000	
  0.431667	  0.566666	  0.000000	  0.001667	
  0.003333	  0.001667	  0.963333	  0.031667	
  0.105000	  0.293333	  0.073333	  0.528334	
  0.401667	  0.176667	  0.000000	  0.421667	
  0.820000	  0.001667	  0.000000	  0.178333	
  0.166667	  0.423333	  0.090000	  0.320000	
  0.088333	  0.610001	  0.118333	  0.183333	

URL http://cisbp.ccbr.utoronto.ca/TFreport.php?versionNumber=2.00&searchTF=T292030_2.00

