MEME version 5.4.1 (Tue Mar 1 19:18:48 2022 -0800)

ALPHABET= ACGT

strands: + -

Background letter frequencies (from uniform background):
A 0.25000 C 0.25000 G 0.25000 T 0.25000 

MOTIF M07182_2.00 NAC031

letter-probability matrix: alength= 4 w= 18 nsites= 1 E= 0
  0.253076	  0.151142	  0.358524	  0.237258	
  0.021090	  0.001757	  0.003515	  0.973638	
  0.202109	  0.019332	  0.133568	  0.644991	
  0.300527	  0.124780	  0.376098	  0.198594	
  0.021090	  0.970123	  0.000000	  0.008787	
  0.005272	  0.000000	  0.437610	  0.557118	
  0.000000	  0.000000	  0.007030	  0.992970	
  0.149385	  0.135325	  0.702988	  0.012302	
  0.130053	  0.142355	  0.035149	  0.692443	
  0.237258	  0.156415	  0.237258	  0.369069	
  0.224956	  0.256591	  0.181019	  0.337434	
  0.202109	  0.268893	  0.115993	  0.413005	
  0.516696	  0.043937	  0.131810	  0.307557	
  0.003515	  0.732864	  0.010545	  0.253076	
  1.000000	  0.000000	  0.000000	  0.000000	
  0.221441	  0.778559	  0.000000	  0.000000	
  0.007030	  0.000000	  0.952548	  0.040422	
  0.075571	  0.330404	  0.094903	  0.499121	

URL http://cisbp.ccbr.utoronto.ca/TFreport.php?versionNumber=2.00&searchTF=T292045_2.00

