MEME version 5.4.1 (Tue Mar 1 19:18:48 2022 -0800)

ALPHABET= ACGT

strands: + -

Background letter frequencies (from uniform background):
A 0.25000 C 0.25000 G 0.25000 T 0.25000 

MOTIF M07170_2.00 ANAC13

letter-probability matrix: alength= 4 w= 16 nsites= 1 E= 0
  0.075125	  0.021703	  0.015025	  0.888147	
  0.191987	  0.020033	  0.202003	  0.585977	
  0.318865	  0.233723	  0.273790	  0.173623	
  0.010017	  0.989983	  0.000000	  0.000000	
  0.000000	  0.003339	  0.150250	  0.846411	
  0.000000	  0.000000	  0.000000	  1.000000	
  0.021703	  0.110184	  0.821368	  0.046745	
  0.075125	  0.330551	  0.066778	  0.527546	
  0.116861	  0.191987	  0.116861	  0.574291	
  0.153589	  0.437396	  0.181970	  0.227045	
  0.178631	  0.350584	  0.188648	  0.282137	
  0.200334	  0.325543	  0.252087	  0.222037	
  0.000000	  0.976628	  0.000000	  0.023372	
  1.000000	  0.000000	  0.000000	  0.000000	
  0.779633	  0.220367	  0.000000	  0.000000	
  0.001669	  0.000000	  0.998331	  0.000000	

URL http://cisbp.ccbr.utoronto.ca/TFreport.php?versionNumber=2.00&searchTF=T292023_2.00

