MEME version 5.4.1 (Tue Mar 1 19:18:48 2022 -0800)

ALPHABET= ACGT

strands: + -

Background letter frequencies (from uniform background):
A 0.25000 C 0.25000 G 0.25000 T 0.25000 

MOTIF M07140_2.00 MYB49

letter-probability matrix: alength= 4 w= 15 nsites= 1 E= 0
  0.244147	  0.207358	  0.030100	  0.518395	
  0.356187	  0.118729	  0.147157	  0.377926	
  0.120401	  0.135452	  0.471572	  0.272575	
  0.076923	  0.275920	  0.163880	  0.483278	
  0.065217	  0.254181	  0.055184	  0.625418	
  0.038462	  0.540133	  0.102007	  0.319398	
  0.983278	  0.000000	  0.015050	  0.001672	
  0.132107	  0.852843	  0.010033	  0.005017	
  0.000000	  1.000000	  0.000000	  0.000000	
  0.284281	  0.013378	  0.005017	  0.697324	
  1.000000	  0.000000	  0.000000	  0.000000	
  0.488294	  0.500000	  0.000000	  0.011706	
  0.100334	  0.523412	  0.005017	  0.371237	
  0.312709	  0.051839	  0.000000	  0.635452	
  0.317726	  0.157191	  0.061873	  0.463211	

URL http://cisbp.ccbr.utoronto.ca/TFreport.php?versionNumber=2.00&searchTF=T266566_2.00

