MEME version 5.4.1 (Tue Mar 1 19:18:48 2022 -0800)

ALPHABET= ACGT

strands: + -

Background letter frequencies (from uniform background):
A 0.25000 C 0.25000 G 0.25000 T 0.25000 

MOTIF M07208_2.00 anac057

letter-probability matrix: alength= 4 w= 17 nsites= 1 E= 0
  0.120000	  0.013333	  0.153333	  0.713334	
  0.253333	  0.191667	  0.371667	  0.183333	
  0.000000	  1.000000	  0.000000	  0.000000	
  0.000000	  0.000000	  0.263333	  0.736667	
  0.000000	  0.000000	  0.000000	  1.000000	
  0.061667	  0.171667	  0.759999	  0.006667	
  0.211667	  0.173333	  0.096667	  0.518333	
  0.266667	  0.161667	  0.273333	  0.298333	
  0.256667	  0.341667	  0.176667	  0.225000	
  0.236667	  0.315000	  0.150000	  0.298333	
  0.486667	  0.070000	  0.210000	  0.233333	
  0.005000	  0.843333	  0.025000	  0.126667	
  1.000000	  0.000000	  0.000000	  0.000000	
  0.461667	  0.538333	  0.000000	  0.000000	
  0.000000	  0.000000	  0.963333	  0.036667	
  0.066667	  0.383333	  0.073333	  0.476667	
  0.456667	  0.186667	  0.011667	  0.345000	

URL http://cisbp.ccbr.utoronto.ca/TFreport.php?versionNumber=2.00&searchTF=T292071_2.00

