MEME version 5.4.1 (Tue Mar 1 19:18:48 2022 -0800)

ALPHABET= ACGT

strands: + -

Background letter frequencies (from uniform background):
A 0.25000 C 0.25000 G 0.25000 T 0.25000 

MOTIF M07252_2.00 S1FA3

letter-probability matrix: alength= 4 w= 15 nsites= 1 E= 0
  0.553512	  0.076923	  0.329431	  0.040134	
  0.000000	  0.000000	  1.000000	  0.000000	
  0.989967	  0.001672	  0.001672	  0.006689	
  0.943144	  0.000000	  0.006689	  0.050167	
  0.066890	  0.217391	  0.598662	  0.117057	
  0.259197	  0.362876	  0.200669	  0.177258	
  0.098662	  0.036789	  0.016722	  0.847827	
  0.013378	  0.000000	  0.003344	  0.983278	
  0.000000	  0.994983	  0.005017	  0.000000	
  0.000000	  0.140468	  0.033445	  0.826087	
  0.779264	  0.031773	  0.187291	  0.001672	
  0.000000	  0.005017	  0.994983	  0.000000	
  0.979933	  0.005017	  0.003344	  0.011706	
  0.692308	  0.043478	  0.132107	  0.132107	
  0.250836	  0.190635	  0.376254	  0.182274	

URL http://cisbp.ccbr.utoronto.ca/TFreport.php?versionNumber=2.00&searchTF=T321340_2.00

