MEME version 5.4.1 (Tue Mar 1 19:18:48 2022 -0800)

ALPHABET= ACGT

strands: + -

Background letter frequencies (from uniform background):
A 0.25000 C 0.25000 G 0.25000 T 0.25000 

MOTIF M07230_2.00 NAC083

letter-probability matrix: alength= 4 w= 15 nsites= 1 E= 0
  0.125000	  0.000000	  0.016667	  0.858333	
  0.388333	  0.081667	  0.416667	  0.113333	
  0.085000	  0.913333	  0.000000	  0.001667	
  0.000000	  0.000000	  0.578333	  0.421667	
  0.000000	  0.001667	  0.000000	  0.998333	
  0.216667	  0.141667	  0.599999	  0.041667	
  0.198333	  0.115000	  0.056667	  0.630000	
  0.260000	  0.146667	  0.220000	  0.373333	
  0.173333	  0.266667	  0.223333	  0.336667	
  0.161667	  0.271667	  0.128333	  0.438333	
  0.445000	  0.076667	  0.175000	  0.303333	
  0.001667	  0.611666	  0.021667	  0.365000	
  1.000000	  0.000000	  0.000000	  0.000000	
  0.268333	  0.731667	  0.000000	  0.000000	
  0.003333	  0.003333	  0.951667	  0.041667	

URL http://cisbp.ccbr.utoronto.ca/TFreport.php?versionNumber=2.00&searchTF=T292099_2.00

