MEME version 5.4.1 (Tue Mar 1 19:18:48 2022 -0800)

ALPHABET= ACGT

strands: + -

Background letter frequencies (from uniform background):
A 0.25000 C 0.25000 G 0.25000 T 0.25000 

MOTIF M07226_2.00 NAC078

letter-probability matrix: alength= 4 w= 16 nsites= 1 E= 0
  0.033389	  0.000000	  0.000000	  0.966611	
  0.083472	  0.000000	  0.156928	  0.759600	
  0.183639	  0.110184	  0.163606	  0.542571	
  0.000000	  1.000000	  0.000000	  0.000000	
  0.000000	  0.000000	  0.061770	  0.938230	
  0.000000	  0.000000	  0.000000	  1.000000	
  0.011686	  0.008347	  0.976628	  0.003339	
  0.130217	  0.258765	  0.260434	  0.350584	
  0.287145	  0.120200	  0.387312	  0.205342	
  0.232053	  0.283806	  0.288815	  0.195326	
  0.432387	  0.228715	  0.195326	  0.143573	
  0.564273	  0.043406	  0.218698	  0.173623	
  0.013356	  0.761268	  0.111853	  0.113523	
  0.998331	  0.000000	  0.001669	  0.000000	
  0.749583	  0.245409	  0.005008	  0.000000	
  0.001669	  0.001669	  0.983306	  0.013356	

URL http://cisbp.ccbr.utoronto.ca/TFreport.php?versionNumber=2.00&searchTF=T292095_2.00

