MEME version 5.4.1 (Tue Mar 1 19:18:48 2022 -0800)

ALPHABET= ACGT

strands: + -

Background letter frequencies (from uniform background):
A 0.25000 C 0.25000 G 0.25000 T 0.25000 

MOTIF M07289_2.00 TCP14

letter-probability matrix: alength= 4 w= 20 nsites= 1 E= 0
  0.659574	  0.106383	  0.106383	  0.127660	
  0.276596	  0.340426	  0.276596	  0.106383	
  0.851064	  0.000000	  0.085106	  0.063830	
  0.297872	  0.042553	  0.382979	  0.276596	
  0.765958	  0.042553	  0.085106	  0.106383	
  0.106383	  0.106383	  0.595745	  0.191489	
  0.212766	  0.297872	  0.382979	  0.106383	
  0.468085	  0.042553	  0.255319	  0.234043	
  0.042553	  0.212766	  0.340426	  0.404255	
  0.000000	  0.000000	  1.000000	  0.000000	
  0.000000	  0.000000	  0.000000	  1.000000	
  0.042553	  0.000000	  0.957447	  0.000000	
  0.000000	  0.000000	  1.000000	  0.000000	
  0.000000	  0.000000	  1.000000	  0.000000	
  0.404255	  0.000000	  0.382979	  0.212766	
  0.000000	  1.000000	  0.000000	  0.000000	
  0.000000	  1.000000	  0.000000	  0.000000	
  0.000000	  1.000000	  0.000000	  0.000000	
  0.914894	  0.000000	  0.085106	  0.000000	
  0.000000	  1.000000	  0.000000	  0.000000	

URL http://cisbp.ccbr.utoronto.ca/TFreport.php?versionNumber=2.00&searchTF=T343691_2.00

