MEME version 5.4.1 (Tue Mar 1 19:18:48 2022 -0800)

ALPHABET= ACGT

strands: + -

Background letter frequencies (from uniform background):
A 0.25000 C 0.25000 G 0.25000 T 0.25000 

MOTIF M07241_2.00 NAC101

letter-probability matrix: alength= 4 w= 15 nsites= 1 E= 0
  0.131667	  0.000000	  0.036667	  0.831666	
  0.151667	  0.003333	  0.835000	  0.010000	
  0.021667	  0.978333	  0.000000	  0.000000	
  0.000000	  0.000000	  0.388333	  0.611667	
  0.000000	  0.000000	  0.000000	  1.000000	
  0.181667	  0.181667	  0.541666	  0.095000	
  0.300000	  0.160000	  0.130000	  0.410000	
  0.295000	  0.111667	  0.280000	  0.313333	
  0.191667	  0.230000	  0.211667	  0.366667	
  0.188333	  0.210000	  0.116667	  0.485000	
  0.221667	  0.136667	  0.198333	  0.443333	
  0.018333	  0.493333	  0.115000	  0.373333	
  1.000000	  0.000000	  0.000000	  0.000000	
  0.553333	  0.445000	  0.001667	  0.000000	
  0.003333	  0.000000	  0.956667	  0.040000	

URL http://cisbp.ccbr.utoronto.ca/TFreport.php?versionNumber=2.00&searchTF=T292118_2.00

