MEME version 5.4.1 (Tue Mar 1 19:18:48 2022 -0800)

ALPHABET= ACGT

strands: + -

Background letter frequencies (from uniform background):
A 0.25000 C 0.25000 G 0.25000 T 0.25000 

MOTIF M07268_2.00 HMGB13

letter-probability matrix: alength= 4 w= 21 nsites= 1 E= 0
  0.234848	  0.502526	  0.078283	  0.184343	
  0.287879	  0.156566	  0.247475	  0.308081	
  0.151515	  0.477273	  0.118687	  0.252525	
  0.103535	  0.530303	  0.101010	  0.265152	
  0.219697	  0.222222	  0.330808	  0.227273	
  0.093434	  0.545455	  0.174242	  0.186869	
  0.136364	  0.565656	  0.128788	  0.169192	
  0.237374	  0.189394	  0.320707	  0.252525	
  0.166667	  0.429293	  0.146465	  0.257576	
  0.227273	  0.452020	  0.083333	  0.237374	
  0.363636	  0.055556	  0.171717	  0.409091	
  0.103535	  0.434343	  0.123737	  0.338384	
  0.181818	  0.719697	  0.002525	  0.095960	
  0.277778	  0.042929	  0.325758	  0.353535	
  0.027778	  0.835858	  0.000000	  0.136364	
  0.025253	  0.974747	  0.000000	  0.000000	
  0.209596	  0.000000	  0.712121	  0.078283	
  0.000000	  0.883838	  0.000000	  0.116162	
  0.012626	  0.987374	  0.000000	  0.000000	
  0.196970	  0.000000	  0.691919	  0.111111	
  0.098485	  0.308081	  0.186869	  0.406566	

URL http://cisbp.ccbr.utoronto.ca/TFreport.php?versionNumber=2.00&searchTF=T326482_2.00

