MEME version 5.4.1 (Tue Mar 1 19:18:48 2022 -0800)

ALPHABET= ACGT

strands: + -

Background letter frequencies (from uniform background):
A 0.25000 C 0.25000 G 0.25000 T 0.25000 

MOTIF M07223_2.00 anac075

letter-probability matrix: alength= 4 w= 15 nsites= 1 E= 0
  0.000000	  1.000000	  0.000000	  0.000000	
  0.000000	  0.000000	  0.238731	  0.761269	
  0.000000	  0.005008	  0.000000	  0.994992	
  0.053422	  0.499165	  0.422371	  0.025042	
  0.333890	  0.105175	  0.015025	  0.545910	
  0.215359	  0.232053	  0.195326	  0.357262	
  0.138564	  0.425710	  0.223706	  0.212020	
  0.283806	  0.227045	  0.161937	  0.327212	
  0.417362	  0.010017	  0.086811	  0.485810	
  0.010017	  0.616027	  0.126878	  0.247078	
  1.000000	  0.000000	  0.000000	  0.000000	
  0.393990	  0.606010	  0.000000	  0.000000	
  0.038397	  0.000000	  0.904842	  0.056761	
  0.108514	  0.616027	  0.000000	  0.275459	
  0.108514	  0.168614	  0.000000	  0.722872	

URL http://cisbp.ccbr.utoronto.ca/TFreport.php?versionNumber=2.00&searchTF=T292091_2.00

