MEME version 5.4.1 (Tue Mar 1 19:18:48 2022 -0800)

ALPHABET= ACGT

strands: + -

Background letter frequencies (from uniform background):
A 0.25000 C 0.25000 G 0.25000 T 0.25000 

MOTIF M07245_2.00 NAC105

letter-probability matrix: alength= 4 w= 17 nsites= 1 E= 0
  0.291312	  0.165247	  0.378194	  0.165247	
  0.030664	  0.000000	  0.000000	  0.969336	
  0.093697	  0.023850	  0.030664	  0.851789	
  0.144804	  0.054514	  0.741057	  0.059625	
  0.006814	  0.993186	  0.000000	  0.000000	
  0.000000	  0.000000	  0.190801	  0.809199	
  0.000000	  0.000000	  0.005111	  0.994889	
  0.137990	  0.264055	  0.502555	  0.095400	
  0.310051	  0.177172	  0.129472	  0.383305	
  0.333901	  0.136286	  0.194208	  0.335605	
  0.211244	  0.255537	  0.185690	  0.347530	
  0.172061	  0.248722	  0.115843	  0.463373	
  0.224872	  0.161840	  0.211244	  0.402044	
  0.034072	  0.517887	  0.071550	  0.376491	
  1.000000	  0.000000	  0.000000	  0.000000	
  0.592845	  0.407155	  0.000000	  0.000000	
  0.000000	  0.000000	  0.988075	  0.011925	

URL http://cisbp.ccbr.utoronto.ca/TFreport.php?versionNumber=2.00&searchTF=T292122_2.00

