MEME version 5.4.1 (Tue Mar 1 19:18:48 2022 -0800)

ALPHABET= ACGT

strands: + -

Background letter frequencies (from uniform background):
A 0.25000 C 0.25000 G 0.25000 T 0.25000 

MOTIF M07270_2.00 AT1G66420

letter-probability matrix: alength= 4 w= 19 nsites= 1 E= 0
  0.735849	  0.037736	  0.075472	  0.150943	
  0.566038	  0.075472	  0.207547	  0.150943	
  0.188679	  0.660377	  0.056604	  0.094340	
  0.320755	  0.528302	  0.150943	  0.000000	
  0.000000	  0.018868	  0.000000	  0.981132	
  0.113208	  0.188679	  0.000000	  0.698113	
  0.981132	  0.000000	  0.000000	  0.018868	
  0.000000	  0.000000	  0.000000	  1.000000	
  0.000000	  0.981132	  0.000000	  0.018868	
  0.018868	  0.981132	  0.000000	  0.000000	
  0.773585	  0.000000	  0.132075	  0.094340	
  0.132075	  0.132075	  0.037736	  0.698114	
  0.528302	  0.037736	  0.000000	  0.433962	
  0.339623	  0.018868	  0.056604	  0.584905	
  0.283019	  0.433962	  0.075472	  0.207547	
  0.075472	  0.226415	  0.113208	  0.584905	
  0.207547	  0.056604	  0.169811	  0.566038	
  0.452830	  0.169811	  0.245283	  0.132075	
  0.207547	  0.094340	  0.339623	  0.358491	

URL http://cisbp.ccbr.utoronto.ca/TFreport.php?versionNumber=2.00&searchTF=T338202_2.00

