MEME version 5.4.1 (Tue Mar 1 19:18:48 2022 -0800)

ALPHABET= ACGT

strands: + -

Background letter frequencies (from uniform background):
A 0.25000 C 0.25000 G 0.25000 T 0.25000 

MOTIF M07202_2.00 NAC053

letter-probability matrix: alength= 4 w= 16 nsites= 1 E= 0
  0.037037	  0.000000	  0.000000	  0.962963	
  0.109428	  0.000000	  0.117845	  0.772727	
  0.208754	  0.069024	  0.134680	  0.587542	
  0.000000	  1.000000	  0.000000	  0.000000	
  0.000000	  0.003367	  0.079125	  0.917508	
  0.000000	  0.000000	  0.000000	  1.000000	
  0.005051	  0.000000	  0.994949	  0.000000	
  0.186869	  0.237374	  0.286195	  0.289562	
  0.328283	  0.136364	  0.393939	  0.141414	
  0.225589	  0.247475	  0.363636	  0.163300	
  0.528620	  0.188552	  0.185185	  0.097643	
  0.631313	  0.031987	  0.242424	  0.094276	
  0.023569	  0.771043	  0.132997	  0.072391	
  1.000000	  0.000000	  0.000000	  0.000000	
  0.826599	  0.171717	  0.001684	  0.000000	
  0.000000	  0.000000	  0.993266	  0.006734	

URL http://cisbp.ccbr.utoronto.ca/TFreport.php?versionNumber=2.00&searchTF=T292065_2.00

