MEME version 5.4.1 (Tue Mar 1 19:18:48 2022 -0800)

ALPHABET= ACGT

strands: + -

Background letter frequencies (from uniform background):
A 0.25000 C 0.25000 G 0.25000 T 0.25000 

MOTIF M07248_2.00 NLP4

letter-probability matrix: alength= 4 w= 15 nsites= 1 E= 0
  0.158904	  0.241096	  0.243836	  0.356164	
  0.230137	  0.254795	  0.356164	  0.158904	
  0.205479	  0.394521	  0.120548	  0.279452	
  0.238356	  0.252055	  0.142466	  0.367123	
  0.169863	  0.191781	  0.435616	  0.202740	
  0.115068	  0.536987	  0.128767	  0.219178	
  0.002740	  0.010959	  0.000000	  0.986301	
  0.000000	  0.000000	  1.000000	  0.000000	
  0.000000	  0.991781	  0.000000	  0.008219	
  0.000000	  0.013699	  0.000000	  0.986301	
  0.008219	  0.000000	  0.991781	  0.000000	
  0.128767	  0.627397	  0.112329	  0.131507	
  0.273973	  0.131507	  0.117808	  0.476712	
  0.263014	  0.150685	  0.323288	  0.263014	
  0.254795	  0.334247	  0.153425	  0.257534	

URL http://cisbp.ccbr.utoronto.ca/TFreport.php?versionNumber=2.00&searchTF=T319891_2.00

