MEME version 5.4.1 (Tue Mar 1 19:18:48 2022 -0800)

ALPHABET= ACGT

strands: + -

Background letter frequencies (from uniform background):
A 0.25000 C 0.25000 G 0.25000 T 0.25000 

MOTIF M07217_2.00 BRN2

letter-probability matrix: alength= 4 w= 16 nsites= 1 E= 0
  0.036789	  0.959867	  0.000000	  0.003344	
  0.000000	  0.000000	  0.269231	  0.730769	
  0.000000	  0.000000	  0.005017	  0.994983	
  0.198997	  0.209030	  0.536789	  0.055184	
  0.389632	  0.193980	  0.107023	  0.309365	
  0.456522	  0.071906	  0.212375	  0.259197	
  0.321070	  0.175585	  0.165552	  0.337793	
  0.168896	  0.260870	  0.140468	  0.429766	
  0.331104	  0.153846	  0.182274	  0.332776	
  0.006689	  0.531773	  0.048495	  0.413043	
  0.998328	  0.001672	  0.000000	  0.000000	
  0.301003	  0.698997	  0.000000	  0.000000	
  0.001672	  0.000000	  0.924749	  0.073579	
  0.050167	  0.464883	  0.031773	  0.453177	
  0.441472	  0.135452	  0.006689	  0.416388	
  0.792642	  0.008361	  0.000000	  0.198997	

URL http://cisbp.ccbr.utoronto.ca/TFreport.php?versionNumber=2.00&searchTF=T292086_2.00

