MEME version 5.4.1 (Tue Mar 1 19:18:48 2022 -0800)

ALPHABET= ACGT

strands: + -

Background letter frequencies (from uniform background):
A 0.25000 C 0.25000 G 0.25000 T 0.25000 

MOTIF M07232_2.00 ANAC087

letter-probability matrix: alength= 4 w= 21 nsites= 1 E= 0
  0.135397	  0.058027	  0.025145	  0.781431	
  0.264990	  0.048356	  0.259188	  0.427466	
  0.264990	  0.290135	  0.272727	  0.172147	
  0.032882	  0.934236	  0.009671	  0.023211	
  0.000000	  0.036750	  0.415861	  0.547389	
  0.000000	  0.042553	  0.009671	  0.947776	
  0.117988	  0.234043	  0.584139	  0.063830	
  0.230174	  0.193424	  0.102515	  0.473888	
  0.241779	  0.259188	  0.220503	  0.278530	
  0.199226	  0.353965	  0.232108	  0.214700	
  0.235977	  0.297872	  0.193424	  0.272727	
  0.415861	  0.100580	  0.226306	  0.257253	
  0.000000	  0.729207	  0.009671	  0.261122	
  1.000000	  0.000000	  0.000000	  0.000000	
  0.137331	  0.862669	  0.000000	  0.000000	
  0.003868	  0.000000	  0.982592	  0.013540	
  0.085106	  0.290135	  0.110251	  0.514508	
  0.326886	  0.268859	  0.032882	  0.371373	
  0.823985	  0.019342	  0.001934	  0.154739	
  0.172147	  0.448743	  0.129594	  0.249516	
  0.114120	  0.557060	  0.197292	  0.131528	

URL http://cisbp.ccbr.utoronto.ca/TFreport.php?versionNumber=2.00&searchTF=T292104_2.00

