MEME version 5.4.1 (Tue Mar 1 19:18:48 2022 -0800)

ALPHABET= ACGT

strands: + -

Background letter frequencies (from uniform background):
A 0.25000 C 0.25000 G 0.25000 T 0.25000 

MOTIF M07251_2.00 NLP7

letter-probability matrix: alength= 4 w= 15 nsites= 1 E= 0
  0.447059	  0.109244	  0.117647	  0.326050	
  0.341176	  0.129412	  0.164706	  0.364706	
  0.299160	  0.089076	  0.183193	  0.428571	
  0.010084	  0.181513	  0.001681	  0.806722	
  0.065546	  0.000000	  0.934454	  0.000000	
  0.329412	  0.174790	  0.339496	  0.156303	
  0.000000	  1.000000	  0.000000	  0.000000	
  0.000000	  0.443697	  0.040336	  0.515967	
  0.018487	  0.389916	  0.021849	  0.569748	
  0.010084	  0.080672	  0.000000	  0.909244	
  0.038655	  0.015126	  0.000000	  0.946219	
  0.099160	  0.472269	  0.322689	  0.105882	
  0.400000	  0.112605	  0.415126	  0.072269	
  0.305882	  0.122689	  0.351261	  0.220168	
  0.346218	  0.122689	  0.280672	  0.250420	

URL http://cisbp.ccbr.utoronto.ca/TFreport.php?versionNumber=2.00&searchTF=T319898_2.00

