MEME version 5.4.1 (Tue Mar 1 19:18:48 2022 -0800)

ALPHABET= ACGT

strands: + -

Background letter frequencies (from uniform background):
A 0.25000 C 0.25000 G 0.25000 T 0.25000 

MOTIF M07224_2.00 ANAC076

letter-probability matrix: alength= 4 w= 15 nsites= 1 E= 0
  0.200000	  0.001667	  0.071667	  0.726666	
  0.261667	  0.010000	  0.718333	  0.010000	
  0.036667	  0.963333	  0.000000	  0.000000	
  0.000000	  0.000000	  0.418333	  0.581667	
  0.000000	  0.000000	  0.000000	  1.000000	
  0.200000	  0.160000	  0.573333	  0.066667	
  0.275000	  0.178333	  0.123333	  0.423333	
  0.258333	  0.136667	  0.300000	  0.305000	
  0.183333	  0.236667	  0.220000	  0.360000	
  0.190000	  0.208333	  0.110000	  0.491667	
  0.235000	  0.161667	  0.193333	  0.410000	
  0.031667	  0.568333	  0.118333	  0.281667	
  1.000000	  0.000000	  0.000000	  0.000000	
  0.568333	  0.431667	  0.000000	  0.000000	
  0.000000	  0.000000	  0.960000	  0.040000	

URL http://cisbp.ccbr.utoronto.ca/TFreport.php?versionNumber=2.00&searchTF=T292093_2.00

