MEME version 5.4.1 (Tue Mar 1 19:18:48 2022 -0800)

ALPHABET= ACGT

strands: + -

Background letter frequencies (from uniform background):
A 0.25000 C 0.25000 G 0.25000 T 0.25000 

MOTIF M07236_2.00 ANAC094

letter-probability matrix: alength= 4 w= 18 nsites= 1 E= 0
  0.036298	  0.462795	  0.021779	  0.479129	
  0.203267	  0.007260	  0.546279	  0.243194	
  0.145191	  0.686024	  0.099819	  0.068966	
  0.000000	  1.000000	  0.000000	  0.000000	
  0.000000	  0.000000	  0.992740	  0.007260	
  0.000000	  0.009074	  0.063521	  0.927405	
  0.290381	  0.190563	  0.381125	  0.137931	
  0.306715	  0.177858	  0.226860	  0.288566	
  0.246824	  0.297641	  0.137931	  0.317604	
  0.210526	  0.323049	  0.190563	  0.275862	
  0.219601	  0.188748	  0.226860	  0.364791	
  0.190563	  0.348457	  0.107078	  0.353902	
  0.196007	  0.442831	  0.147005	  0.214156	
  0.764065	  0.235935	  0.000000	  0.000000	
  0.003630	  0.987296	  0.009074	  0.000000	
  0.000000	  0.000000	  0.996370	  0.003630	
  0.054446	  0.294011	  0.279492	  0.372051	
  0.217786	  0.357532	  0.027223	  0.397459	

URL http://cisbp.ccbr.utoronto.ca/TFreport.php?versionNumber=2.00&searchTF=T292111_2.00

