MEME version 5.4.1 (Tue Mar 1 19:18:48 2022 -0800)

ALPHABET= ACGT

strands: + -

Background letter frequencies (from uniform background):
A 0.25000 C 0.25000 G 0.25000 T 0.25000 

MOTIF M07243_2.00 anac103

letter-probability matrix: alength= 4 w= 21 nsites= 1 E= 0
  0.163333	  0.065000	  0.015000	  0.756667	
  0.428333	  0.018333	  0.298333	  0.255000	
  0.508333	  0.156667	  0.225000	  0.110000	
  0.020000	  0.976667	  0.000000	  0.003333	
  0.000000	  0.000000	  0.183333	  0.816667	
  0.000000	  0.000000	  0.000000	  1.000000	
  0.043333	  0.041667	  0.895000	  0.020000	
  0.166667	  0.260000	  0.238333	  0.335000	
  0.283333	  0.108333	  0.191667	  0.416667	
  0.221667	  0.398333	  0.168333	  0.211667	
  0.396667	  0.276667	  0.108333	  0.218333	
  0.265000	  0.263333	  0.266667	  0.205000	
  0.023333	  0.926667	  0.041667	  0.008333	
  0.998333	  0.000000	  0.001667	  0.000000	
  0.826666	  0.166667	  0.005000	  0.001667	
  0.001667	  0.001667	  0.996666	  0.000000	
  0.026667	  0.216667	  0.005000	  0.751666	
  0.013333	  0.215000	  0.000000	  0.771667	
  0.550000	  0.015000	  0.006667	  0.428333	
  0.145000	  0.426667	  0.053333	  0.375000	
  0.113333	  0.565000	  0.116667	  0.205000	

URL http://cisbp.ccbr.utoronto.ca/TFreport.php?versionNumber=2.00&searchTF=T292120_2.00

