MEME version 5.4.1 (Tue Mar 1 19:18:48 2022 -0800)

ALPHABET= ACGT

strands: + -

Background letter frequencies (from uniform background):
A 0.25000 C 0.25000 G 0.25000 T 0.25000 

MOTIF M07219_2.00 anac071

letter-probability matrix: alength= 4 w= 15 nsites= 1 E= 0
  0.005051	  0.994949	  0.000000	  0.000000	
  0.000000	  0.003367	  0.134680	  0.861953	
  0.000000	  0.003367	  0.000000	  0.996633	
  0.045455	  0.508417	  0.338384	  0.107744	
  0.414141	  0.132997	  0.102694	  0.350168	
  0.228956	  0.227273	  0.126263	  0.417508	
  0.183502	  0.380471	  0.134680	  0.301347	
  0.116162	  0.309764	  0.124579	  0.449495	
  0.149832	  0.190236	  0.122896	  0.537036	
  0.028620	  0.740740	  0.146465	  0.084175	
  1.000000	  0.000000	  0.000000	  0.000000	
  0.632997	  0.367003	  0.000000	  0.000000	
  0.001684	  0.000000	  0.968013	  0.030303	
  0.089226	  0.340067	  0.065657	  0.505050	
  0.707071	  0.084175	  0.000000	  0.208754	

URL http://cisbp.ccbr.utoronto.ca/TFreport.php?versionNumber=2.00&searchTF=T292087_2.00

