MEME version 5.4.1 (Tue Mar 1 19:18:48 2022 -0800)

ALPHABET= ACGT

strands: + -

Background letter frequencies (from uniform background):
A 0.25000 C 0.25000 G 0.25000 T 0.25000 

MOTIF M07247_2.00 AT2G01818

letter-probability matrix: alength= 4 w= 15 nsites= 1 E= 0
  0.580000	  0.070000	  0.308333	  0.041667	
  0.005000	  0.006667	  0.988333	  0.000000	
  0.968334	  0.005000	  0.003333	  0.023333	
  0.921667	  0.008333	  0.016667	  0.053333	
  0.075000	  0.238333	  0.550000	  0.136667	
  0.288333	  0.336667	  0.188333	  0.186667	
  0.098333	  0.041667	  0.011667	  0.848333	
  0.013333	  0.000000	  0.006667	  0.980000	
  0.003333	  0.985000	  0.005000	  0.006667	
  0.000000	  0.141667	  0.046667	  0.811666	
  0.778333	  0.036667	  0.183333	  0.001667	
  0.001667	  0.010000	  0.988333	  0.000000	
  0.960000	  0.006667	  0.008333	  0.025000	
  0.700000	  0.056667	  0.110000	  0.133333	
  0.248333	  0.186667	  0.378333	  0.186667	

URL http://cisbp.ccbr.utoronto.ca/TFreport.php?versionNumber=2.00&searchTF=T315207_2.00

