MEME version 5.4.1 (Tue Mar 1 19:18:48 2022 -0800)

ALPHABET= ACGT

strands: + -

Background letter frequencies (from uniform background):
A 0.25000 C 0.25000 G 0.25000 T 0.25000 

MOTIF M07352_2.00 AT5G08750

letter-probability matrix: alength= 4 w= 15 nsites= 1 E= 0
  0.175000	  0.126667	  0.180000	  0.518333	
  0.165000	  0.075000	  0.218333	  0.541667	
  0.178333	  0.136667	  0.088333	  0.596667	
  0.021667	  0.043333	  0.013333	  0.921667	
  0.293333	  0.003333	  0.633334	  0.070000	
  0.000000	  0.968333	  0.000000	  0.031667	
  0.000000	  0.000000	  0.996667	  0.003333	
  0.171667	  0.000000	  0.821666	  0.006667	
  0.001667	  0.700000	  0.000000	  0.298333	
  0.021667	  0.118333	  0.330000	  0.530000	
  0.400000	  0.031667	  0.438333	  0.130000	
  0.353333	  0.245000	  0.078333	  0.323333	
  0.195000	  0.115000	  0.416667	  0.273333	
  0.238333	  0.101667	  0.383333	  0.276667	
  0.183333	  0.261667	  0.136667	  0.418333	

URL http://cisbp.ccbr.utoronto.ca/TFreport.php?versionNumber=2.00&searchTF=T350211_2.00

