MEME version 5.4.1 (Tue Mar 1 19:18:48 2022 -0800)

ALPHABET= ACGT

strands: + -

Background letter frequencies (from uniform background):
A 0.25000 C 0.25000 G 0.25000 T 0.25000 

MOTIF M07377_2.00 WRKY6

letter-probability matrix: alength= 4 w= 19 nsites= 1 E= 0
  0.312281	  0.119298	  0.294737	  0.273684	
  0.280702	  0.136842	  0.277193	  0.305263	
  0.266667	  0.228070	  0.284211	  0.221053	
  0.298246	  0.171930	  0.143860	  0.385965	
  0.277193	  0.287719	  0.080702	  0.354386	
  0.435088	  0.154386	  0.147368	  0.263158	
  0.456140	  0.066667	  0.270175	  0.207018	
  0.364912	  0.294737	  0.101754	  0.238596	
  0.340351	  0.312281	  0.143860	  0.203509	
  0.508772	  0.150877	  0.080702	  0.259649	
  0.466667	  0.129825	  0.133333	  0.270175	
  0.701754	  0.000000	  0.298246	  0.000000	
  0.000000	  0.000000	  1.000000	  0.000000	
  0.000000	  0.000000	  0.000000	  1.000000	
  0.000000	  1.000000	  0.000000	  0.000000	
  1.000000	  0.000000	  0.000000	  0.000000	
  1.000000	  0.000000	  0.000000	  0.000000	
  0.077193	  0.919298	  0.000000	  0.003509	
  0.098246	  0.073684	  0.684210	  0.143860	

URL http://cisbp.ccbr.utoronto.ca/TFreport.php?versionNumber=2.00&searchTF=T351897_2.00

