MEME version 5.4.1 (Tue Mar 1 19:18:48 2022 -0800)

ALPHABET= ACGT

strands: + -

Background letter frequencies (from uniform background):
A 0.25000 C 0.25000 G 0.25000 T 0.25000 

MOTIF M07313_2.00 AT1G68200

letter-probability matrix: alength= 4 w= 15 nsites= 1 E= 0
  0.025042	  0.759599	  0.208681	  0.006678	
  0.001669	  0.998331	  0.000000	  0.000000	
  0.001669	  0.000000	  0.941570	  0.056761	
  0.874792	  0.008347	  0.075125	  0.041736	
  0.537562	  0.106845	  0.160267	  0.195326	
  0.869783	  0.013356	  0.045075	  0.071786	
  0.928214	  0.001669	  0.018364	  0.051753	
  0.584307	  0.036728	  0.051753	  0.327212	
  0.400668	  0.161937	  0.166945	  0.270451	
  0.088481	  0.171953	  0.050083	  0.689483	
  0.088481	  0.911519	  0.000000	  0.000000	
  0.000000	  0.000000	  1.000000	  0.000000	
  0.003339	  0.153589	  0.829716	  0.013356	
  0.530885	  0.083472	  0.200334	  0.185309	
  0.353923	  0.123539	  0.295492	  0.227045	

URL http://cisbp.ccbr.utoronto.ca/TFreport.php?versionNumber=2.00&searchTF=T350176_2.00

