MEME version 5.4.1 (Tue Mar 1 19:18:48 2022 -0800)

ALPHABET= ACGT

strands: + -

Background letter frequencies (from uniform background):
A 0.25000 C 0.25000 G 0.25000 T 0.25000 

MOTIF M07346_2.00 AT4G27900

letter-probability matrix: alength= 4 w= 22 nsites= 1 E= 0
  0.800001	  0.023529	  0.105882	  0.070588	
  0.841177	  0.017647	  0.000000	  0.141176	
  0.005882	  0.088235	  0.000000	  0.905883	
  0.011765	  0.482353	  0.464706	  0.041176	
  0.623529	  0.000000	  0.376471	  0.000000	
  1.000000	  0.000000	  0.000000	  0.000000	
  0.000000	  1.000000	  0.000000	  0.000000	
  0.000000	  0.000000	  1.000000	  0.000000	
  0.000000	  0.000000	  1.000000	  0.000000	
  0.011765	  0.376471	  0.000000	  0.611764	
  0.011765	  0.347059	  0.147059	  0.494118	
  0.252941	  0.200000	  0.523530	  0.023529	
  0.729411	  0.035294	  0.158824	  0.076471	
  0.023529	  0.041176	  0.894119	  0.041176	
  0.976471	  0.005882	  0.017647	  0.000000	
  0.100000	  0.000000	  0.017647	  0.882353	
  0.035294	  0.123529	  0.082353	  0.758824	
  0.241176	  0.252941	  0.247059	  0.258824	
  0.458824	  0.158824	  0.235294	  0.147059	
  0.352941	  0.135294	  0.047059	  0.464706	
  0.058824	  0.376471	  0.047059	  0.517646	
  0.082353	  0.435294	  0.288235	  0.194118	

URL http://cisbp.ccbr.utoronto.ca/TFreport.php?versionNumber=2.00&searchTF=T350206_2.00

