MEME version 5.4.1 (Tue Mar 1 19:18:48 2022 -0800)

ALPHABET= ACGT

strands: + -

Background letter frequencies (from uniform background):
A 0.25000 C 0.25000 G 0.25000 T 0.25000 

MOTIF M07334_2.00 AtIDD11

letter-probability matrix: alength= 4 w= 21 nsites= 1 E= 0
  0.519164	  0.121951	  0.221254	  0.137631	
  0.271777	  0.217770	  0.343206	  0.167247	
  0.625436	  0.050523	  0.134146	  0.189895	
  0.733449	  0.045296	  0.038328	  0.182927	
  0.585366	  0.087108	  0.181185	  0.146341	
  0.761324	  0.080139	  0.104530	  0.054007	
  0.531358	  0.322300	  0.104530	  0.041812	
  0.059233	  0.000000	  0.933798	  0.006969	
  0.998258	  0.001742	  0.000000	  0.000000	
  0.000000	  0.998258	  0.000000	  0.001742	
  0.989547	  0.000000	  0.010453	  0.000000	
  0.959931	  0.015679	  0.024390	  0.000000	
  0.790941	  0.048780	  0.132404	  0.027875	
  0.614982	  0.073171	  0.163763	  0.148084	
  0.486063	  0.141115	  0.144599	  0.228223	
  0.433798	  0.156794	  0.134146	  0.275261	
  0.465157	  0.123693	  0.196864	  0.214286	
  0.423345	  0.174216	  0.198606	  0.203833	
  0.416376	  0.116725	  0.224739	  0.242160	
  0.454704	  0.121951	  0.188153	  0.235192	
  0.432056	  0.156794	  0.181185	  0.229965	

URL http://cisbp.ccbr.utoronto.ca/TFreport.php?versionNumber=2.00&searchTF=T350196_2.00

