MEME version 5.4.1 (Tue Mar 1 19:18:48 2022 -0800)

ALPHABET= ACGT

strands: + -

Background letter frequencies (from uniform background):
A 0.25000 C 0.25000 G 0.25000 T 0.25000 

MOTIF M07340_2.00 AT3G51470

letter-probability matrix: alength= 4 w= 15 nsites= 1 E= 0
  0.192412	  0.170732	  0.149051	  0.487805	
  0.051491	  0.084011	  0.598915	  0.265583	
  0.284553	  0.289973	  0.303523	  0.121951	
  0.287263	  0.146341	  0.170732	  0.395664	
  0.124661	  0.018970	  0.780488	  0.075881	
  0.000000	  0.008130	  0.991870	  0.000000	
  0.100271	  0.013550	  0.000000	  0.886179	
  0.010840	  0.254743	  0.712737	  0.021680	
  0.000000	  0.550136	  0.018970	  0.430894	
  1.000000	  0.000000	  0.000000	  0.000000	
  0.000000	  0.756098	  0.113821	  0.130081	
  0.146341	  0.504065	  0.292683	  0.056911	
  0.208672	  0.081301	  0.425474	  0.284553	
  0.300813	  0.035230	  0.195122	  0.468835	
  0.582655	  0.084011	  0.151762	  0.181572	

URL http://cisbp.ccbr.utoronto.ca/TFreport.php?versionNumber=2.00&searchTF=T350201_2.00

