MEME version 5.4.1 (Tue Mar 1 19:18:48 2022 -0800)

ALPHABET= ACGT

strands: + -

Background letter frequencies (from uniform background):
A 0.25000 C 0.25000 G 0.25000 T 0.25000 

MOTIF M07370_2.00 GRF9

letter-probability matrix: alength= 4 w= 15 nsites= 1 E= 0
  0.163043	  0.130435	  0.184783	  0.521739	
  0.032609	  0.108696	  0.043478	  0.815217	
  0.000000	  0.000000	  1.000000	  0.000000	
  0.000000	  0.000000	  0.000000	  1.000000	
  0.000000	  0.902174	  0.000000	  0.097826	
  0.967391	  0.032609	  0.000000	  0.000000	
  0.000000	  0.000000	  1.000000	  0.000000	
  0.760869	  0.032609	  0.097826	  0.108696	
  0.478261	  0.163043	  0.206522	  0.152174	
  0.336957	  0.130435	  0.304348	  0.228261	
  0.456522	  0.163043	  0.119565	  0.260870	
  0.130435	  0.250000	  0.239130	  0.380435	
  0.369565	  0.163043	  0.130435	  0.336957	
  0.239130	  0.413043	  0.239130	  0.108696	
  0.478261	  0.217391	  0.119565	  0.184783	

URL http://cisbp.ccbr.utoronto.ca/TFreport.php?versionNumber=2.00&searchTF=T350687_2.00

