MEME version 5.4.1 (Tue Mar 1 19:18:48 2022 -0800)

ALPHABET= ACGT

strands: + -

Background letter frequencies (from uniform background):
A 0.25000 C 0.25000 G 0.25000 T 0.25000 

MOTIF M07358_2.00 EMB1789

letter-probability matrix: alength= 4 w= 15 nsites= 1 E= 0
  0.291045	  0.085821	  0.070896	  0.552238	
  0.272388	  0.141791	  0.074627	  0.511194	
  0.276119	  0.250000	  0.074627	  0.399254	
  0.335821	  0.152985	  0.093284	  0.417910	
  0.223881	  0.134328	  0.212687	  0.429104	
  0.070896	  0.033582	  0.078358	  0.817164	
  0.146791	  0.000597	  0.004329	  0.848283	
  0.000000	  0.055970	  0.000000	  0.944030	
  0.000000	  0.000000	  0.011194	  0.988806	
  0.179104	  0.041045	  0.000000	  0.779851	
  0.936567	  0.000000	  0.018657	  0.044776	
  0.000000	  0.985075	  0.000000	  0.014925	
  0.048507	  0.559701	  0.070896	  0.320896	
  0.149254	  0.097015	  0.444030	  0.309701	
  0.126866	  0.279851	  0.055970	  0.537313	

URL http://cisbp.ccbr.utoronto.ca/TFreport.php?versionNumber=2.00&searchTF=T350215_2.00

