MEME version 5.4.1 (Tue Mar 1 19:18:48 2022 -0800)

ALPHABET= ACGT

strands: + -

Background letter frequencies (from uniform background):
A 0.25000 C 0.25000 G 0.25000 T 0.25000 

MOTIF M07312_2.00 BHLH157

letter-probability matrix: alength= 4 w= 20 nsites= 1 E= 0
  0.408784	  0.222973	  0.189189	  0.179054	
  0.543919	  0.067568	  0.277027	  0.111486	
  0.222973	  0.087838	  0.628378	  0.060811	
  0.641892	  0.000000	  0.023649	  0.334459	
  0.168919	  0.020270	  0.635135	  0.175676	
  0.831081	  0.081081	  0.050676	  0.037162	
  0.033784	  0.966216	  0.000000	  0.000000	
  0.000000	  0.000000	  1.000000	  0.000000	
  0.000000	  0.000000	  0.000000	  1.000000	
  0.293919	  0.013514	  0.614864	  0.077703	
  0.300676	  0.128378	  0.131757	  0.439189	
  0.297297	  0.253378	  0.138514	  0.310811	
  0.233108	  0.260135	  0.256757	  0.250000	
  0.378378	  0.114865	  0.273649	  0.233108	
  0.577703	  0.057432	  0.145270	  0.219595	
  0.273649	  0.182432	  0.172297	  0.371622	
  0.185811	  0.195946	  0.067568	  0.550675	
  0.226351	  0.141892	  0.091216	  0.540541	
  0.108108	  0.141892	  0.472973	  0.277027	
  0.266892	  0.128378	  0.260135	  0.344595	

URL http://cisbp.ccbr.utoronto.ca/TFreport.php?versionNumber=2.00&searchTF=T350175_2.00

