MEME version 5.4.1 (Tue Mar 1 19:18:48 2022 -0800)

ALPHABET= ACGT

strands: + -

Background letter frequencies (from uniform background):
A 0.25000 C 0.25000 G 0.25000 T 0.25000 

MOTIF M07351_2.00 GT-3A

letter-probability matrix: alength= 4 w= 17 nsites= 1 E= 0
  0.264151	  0.377358	  0.113208	  0.245283	
  0.574124	  0.097035	  0.113208	  0.215633	
  0.361186	  0.280323	  0.008086	  0.350404	
  0.528301	  0.010782	  0.172507	  0.288410	
  0.291105	  0.000000	  0.010782	  0.698113	
  0.234501	  0.037736	  0.177898	  0.549865	
  0.358491	  0.107817	  0.040431	  0.493261	
  0.339623	  0.153639	  0.221024	  0.285714	
  0.541778	  0.204852	  0.107817	  0.145553	
  0.126685	  0.873315	  0.000000	  0.000000	
  1.000000	  0.000000	  0.000000	  0.000000	
  0.000000	  1.000000	  0.000000	  0.000000	
  0.115903	  0.000000	  0.884097	  0.000000	
  0.000000	  0.000000	  0.000000	  1.000000	
  0.000000	  0.000000	  0.970350	  0.029650	
  0.132075	  0.264151	  0.185984	  0.417790	
  0.156334	  0.258760	  0.194070	  0.390836	

URL http://cisbp.ccbr.utoronto.ca/TFreport.php?versionNumber=2.00&searchTF=T350210_2.00

