MEME version 5.4.1 (Tue Mar 1 19:18:48 2022 -0800)

ALPHABET= ACGT

strands: + -

Background letter frequencies (from uniform background):
A 0.25000 C 0.25000 G 0.25000 T 0.25000 

MOTIF M07341_2.00 AT4G12670

letter-probability matrix: alength= 4 w= 29 nsites= 1 E= 0
  0.142857	  0.095238	  0.761905	  0.000000	
  0.047619	  0.023810	  0.928571	  0.000000	
  0.047619	  0.000000	  0.833333	  0.119048	
  0.023810	  0.023810	  0.000000	  0.952380	
  0.047619	  0.000000	  0.000000	  0.952381	
  0.023810	  0.000000	  0.071429	  0.904761	
  0.809524	  0.000000	  0.000000	  0.190476	
  0.071429	  0.000000	  0.928571	  0.000000	
  0.166667	  0.000000	  0.666666	  0.166667	
  0.071429	  0.047619	  0.833333	  0.047619	
  0.071429	  0.047619	  0.023810	  0.857142	
  0.119048	  0.023810	  0.047619	  0.809523	
  0.000000	  0.000000	  0.000000	  1.000000	
  0.952380	  0.000000	  0.023810	  0.023810	
  0.071429	  0.023810	  0.761904	  0.142857	
  0.023810	  0.047619	  0.928571	  0.000000	
  0.119048	  0.000000	  0.857142	  0.023810	
  0.000000	  0.071429	  0.000000	  0.928571	
  0.000000	  0.047619	  0.000000	  0.952381	
  0.071429	  0.023810	  0.000000	  0.904761	
  0.952380	  0.023810	  0.000000	  0.023810	
  0.023810	  0.000000	  0.976190	  0.000000	
  0.047619	  0.023810	  0.833333	  0.095238	
  0.000000	  0.000000	  1.000000	  0.000000	
  0.023810	  0.023810	  0.023810	  0.928570	
  0.023810	  0.000000	  0.000000	  0.976190	
  0.023810	  0.000000	  0.000000	  0.976190	
  0.857142	  0.000000	  0.071429	  0.071429	
  0.166667	  0.000000	  0.833333	  0.000000	

URL http://cisbp.ccbr.utoronto.ca/TFreport.php?versionNumber=2.00&searchTF=T350202_2.00

