MEME version 5.4.1 (Tue Mar 1 19:18:48 2022 -0800)

ALPHABET= ACGT

strands: + -

Background letter frequencies (from uniform background):
A 0.25000 C 0.25000 G 0.25000 T 0.25000 

MOTIF M07336_2.00 MIP1B

letter-probability matrix: alength= 4 w= 15 nsites= 1 E= 0
  0.795000	  0.043333	  0.110000	  0.051667	
  0.804999	  0.001667	  0.001667	  0.191667	
  1.000000	  0.000000	  0.000000	  0.000000	
  1.000000	  0.000000	  0.000000	  0.000000	
  0.913333	  0.000000	  0.086667	  0.000000	
  0.000000	  0.000000	  1.000000	  0.000000	
  0.196667	  0.156667	  0.110000	  0.536666	
  0.570001	  0.038333	  0.158333	  0.233333	
  0.773333	  0.001667	  0.190000	  0.035000	
  0.766667	  0.045000	  0.085000	  0.103333	
  0.710000	  0.041667	  0.073333	  0.175000	
  0.623333	  0.025000	  0.200000	  0.151667	
  0.465000	  0.090000	  0.248333	  0.196667	
  0.386667	  0.125000	  0.218333	  0.270000	
  0.501666	  0.051667	  0.186667	  0.260000	

URL http://cisbp.ccbr.utoronto.ca/TFreport.php?versionNumber=2.00&searchTF=T350197_2.00

