MEME version 5.4.1 (Tue Mar 1 19:18:48 2022 -0800)

ALPHABET= ACGT

strands: + -

Background letter frequencies (from uniform background):
A 0.25000 C 0.25000 G 0.25000 T 0.25000 

MOTIF M07308_2.00 AT1G23810

letter-probability matrix: alength= 4 w= 17 nsites= 1 E= 0
  0.303621	  0.164345	  0.103064	  0.428969	
  0.331476	  0.214485	  0.220056	  0.233983	
  0.250696	  0.186630	  0.186630	  0.376045	
  0.640669	  0.061281	  0.253482	  0.044568	
  0.000000	  0.002786	  0.997214	  0.000000	
  0.980501	  0.000000	  0.008357	  0.011142	
  0.944290	  0.000000	  0.011142	  0.044568	
  0.083565	  0.194986	  0.615599	  0.105850	
  0.197772	  0.401114	  0.197772	  0.203343	
  0.086351	  0.030641	  0.008357	  0.874651	
  0.002786	  0.000000	  0.000000	  0.997214	
  0.000000	  1.000000	  0.000000	  0.000000	
  0.000000	  0.072423	  0.022284	  0.905293	
  0.849582	  0.011142	  0.139276	  0.000000	
  0.000000	  0.000000	  1.000000	  0.000000	
  0.991643	  0.002786	  0.005571	  0.000000	
  0.788300	  0.030641	  0.069638	  0.111421	

URL http://cisbp.ccbr.utoronto.ca/TFreport.php?versionNumber=2.00&searchTF=T350171_2.00

