MEME version 5.4.1 (Tue Mar 1 19:18:48 2022 -0800)

ALPHABET= ACGT

strands: + -

Background letter frequencies (from uniform background):
A 0.25000 C 0.25000 G 0.25000 T 0.25000 

MOTIF M07345_2.00 AT4G26030

letter-probability matrix: alength= 4 w= 19 nsites= 1 E= 0
  0.406091	  0.035533	  0.348562	  0.209814	
  0.372250	  0.067682	  0.187817	  0.372250	
  0.307953	  0.000000	  0.597292	  0.094755	
  0.010152	  0.000000	  0.678511	  0.311337	
  0.005076	  0.000000	  0.000000	  0.994924	
  0.401015	  0.000000	  0.050761	  0.548224	
  0.000000	  0.000000	  1.000000	  0.000000	
  0.008460	  0.000000	  0.818951	  0.172589	
  0.000000	  0.000000	  0.000000	  1.000000	
  0.316413	  0.006768	  0.676819	  0.000000	
  0.475465	  0.057530	  0.367174	  0.099831	
  0.460237	  0.096447	  0.336717	  0.106599	
  0.336717	  0.148900	  0.307953	  0.206430	
  0.311337	  0.165821	  0.192893	  0.329949	
  0.307953	  0.094755	  0.219966	  0.377327	
  0.321489	  0.103215	  0.289340	  0.285956	
  0.211506	  0.175973	  0.263959	  0.348562	
  0.263959	  0.138748	  0.252115	  0.345178	
  0.270728	  0.121827	  0.377327	  0.230118	

URL http://cisbp.ccbr.utoronto.ca/TFreport.php?versionNumber=2.00&searchTF=T350205_2.00

