MEME version 5.4.1 (Tue Mar 1 19:18:48 2022 -0800)

ALPHABET= ACGT

strands: + -

Background letter frequencies (from uniform background):
A 0.25000 C 0.25000 G 0.25000 T 0.25000 

MOTIF M07320_2.00 GT-2

letter-probability matrix: alength= 4 w= 14 nsites= 1 E= 0
  0.285953	  0.093645	  0.103679	  0.516723	
  0.185619	  0.093645	  0.048495	  0.672241	
  0.302676	  0.000000	  0.000000	  0.697324	
  0.058528	  0.021739	  0.035117	  0.884616	
  0.000000	  0.000000	  0.000000	  1.000000	
  0.214047	  0.058528	  0.000000	  0.727425	
  1.000000	  0.000000	  0.000000	  0.000000	
  0.000000	  0.991639	  0.000000	  0.008361	
  0.066890	  0.632107	  0.006689	  0.294314	
  0.227425	  0.060201	  0.493311	  0.219064	
  0.055184	  0.311037	  0.041806	  0.591973	
  0.304348	  0.178930	  0.158863	  0.357860	
  0.289298	  0.086957	  0.275920	  0.347826	
  0.187291	  0.162207	  0.175585	  0.474916	

URL http://cisbp.ccbr.utoronto.ca/TFreport.php?versionNumber=2.00&searchTF=T350182_2.00

