MEME version 5.4.1 (Tue Mar 1 19:18:48 2022 -0800)

ALPHABET= ACGT

strands: + -

Background letter frequencies (from uniform background):
A 0.25000 C 0.25000 G 0.25000 T 0.25000 

MOTIF M07337_2.00 ZHD9

letter-probability matrix: alength= 4 w= 15 nsites= 1 E= 0
  0.026667	  0.053333	  0.021667	  0.898333	
  0.620000	  0.010000	  0.370000	  0.000000	
  0.978333	  0.000000	  0.015000	  0.006667	
  0.000000	  0.001667	  0.000000	  0.998333	
  0.000000	  0.000000	  0.000000	  1.000000	
  0.991666	  0.000000	  0.001667	  0.006667	
  0.568333	  0.031667	  0.375000	  0.025000	
  0.093333	  0.211667	  0.291667	  0.403333	
  0.251667	  0.155000	  0.303333	  0.290000	
  0.450000	  0.091667	  0.228333	  0.230000	
  0.335000	  0.170000	  0.126667	  0.368333	
  0.183333	  0.110000	  0.153333	  0.553334	
  0.529999	  0.006667	  0.086667	  0.376667	
  0.643334	  0.028333	  0.075000	  0.253333	
  0.561667	  0.018333	  0.018333	  0.401667	

URL http://cisbp.ccbr.utoronto.ca/TFreport.php?versionNumber=2.00&searchTF=T350198_2.00

