MEME version 5.4.1 (Tue Mar 1 19:18:48 2022 -0800)

ALPHABET= ACGT

strands: + -

Background letter frequencies (from uniform background):
A 0.25000 C 0.25000 G 0.25000 T 0.25000 

MOTIF M07324_2.00 AGL95

letter-probability matrix: alength= 4 w= 15 nsites= 1 E= 0
  0.603361	  0.070588	  0.247059	  0.078992	
  0.036975	  0.011765	  0.934453	  0.016807	
  0.944538	  0.010084	  0.025210	  0.020168	
  0.910924	  0.006723	  0.021849	  0.060504	
  0.102521	  0.194958	  0.556303	  0.146218	
  0.243697	  0.405042	  0.215126	  0.136134	
  0.141176	  0.033613	  0.015126	  0.810085	
  0.036975	  0.005042	  0.016807	  0.941176	
  0.013445	  0.944539	  0.018487	  0.023529	
  0.050420	  0.141176	  0.073950	  0.734454	
  0.763025	  0.038655	  0.176471	  0.021849	
  0.013445	  0.015126	  0.954622	  0.016807	
  0.912605	  0.025210	  0.021849	  0.040336	
  0.724369	  0.047059	  0.104202	  0.124370	
  0.228571	  0.218487	  0.393277	  0.159664	

URL http://cisbp.ccbr.utoronto.ca/TFreport.php?versionNumber=2.00&searchTF=T350184_2.00

