MEME version 5.4.1 (Tue Mar 1 19:18:48 2022 -0800)

ALPHABET= ACGT

strands: + -

Background letter frequencies (from uniform background):
A 0.25000 C 0.25000 G 0.25000 T 0.25000 

MOTIF M07349_2.00 FRS9

letter-probability matrix: alength= 4 w= 21 nsites= 1 E= 0
  0.206957	  0.017391	  0.702609	  0.073043	
  0.789566	  0.031304	  0.120000	  0.059130	
  0.128696	  0.022609	  0.758260	  0.090435	
  0.744348	  0.022609	  0.203478	  0.029565	
  0.213913	  0.036522	  0.683478	  0.066087	
  0.885218	  0.000000	  0.083478	  0.031304	
  0.000000	  0.013913	  0.986087	  0.000000	
  0.984348	  0.000000	  0.012174	  0.003478	
  0.080000	  0.000000	  0.916522	  0.003478	
  0.991304	  0.000000	  0.001739	  0.006957	
  0.064348	  0.000000	  0.907826	  0.027826	
  0.970435	  0.000000	  0.024348	  0.005217	
  0.048696	  0.000000	  0.923478	  0.027826	
  0.888695	  0.001739	  0.060870	  0.048696	
  0.219130	  0.012174	  0.740870	  0.027826	
  0.857392	  0.019130	  0.080000	  0.043478	
  0.099130	  0.073043	  0.787827	  0.040000	
  0.787826	  0.000000	  0.083478	  0.128696	
  0.142609	  0.017391	  0.749565	  0.090435	
  0.791305	  0.013913	  0.125217	  0.069565	
  0.163478	  0.017391	  0.699131	  0.120000	

URL http://cisbp.ccbr.utoronto.ca/TFreport.php?versionNumber=2.00&searchTF=T350209_2.00

