MEME version 5.4.1 (Tue Mar 1 19:18:48 2022 -0800)

ALPHABET= ACGT

strands: + -

Background letter frequencies (from uniform background):
A 0.25000 C 0.25000 G 0.25000 T 0.25000 

MOTIF M07332_2.00 FHA2

letter-probability matrix: alength= 4 w= 21 nsites= 1 E= 0
  0.372549	  0.098039	  0.431373	  0.098039	
  0.196078	  0.019608	  0.509804	  0.274510	
  0.411765	  0.000000	  0.000000	  0.588235	
  0.823529	  0.058824	  0.019608	  0.098039	
  0.176471	  0.019608	  0.666666	  0.137255	
  0.000000	  0.980392	  0.019608	  0.000000	
  0.000000	  0.000000	  0.784314	  0.215686	
  0.000000	  0.000000	  0.000000	  1.000000	
  0.372549	  0.058824	  0.568627	  0.000000	
  0.058824	  0.333333	  0.000000	  0.607843	
  0.392157	  0.156863	  0.235294	  0.215686	
  0.137255	  0.215686	  0.450980	  0.196078	
  0.411765	  0.196078	  0.196078	  0.196078	
  0.901961	  0.019608	  0.078431	  0.000000	
  0.000000	  0.666667	  0.254902	  0.078431	
  1.000000	  0.000000	  0.000000	  0.000000	
  0.490196	  0.509804	  0.000000	  0.000000	
  0.039216	  0.000000	  0.960784	  0.000000	
  0.254902	  0.196078	  0.156863	  0.392157	
  0.058824	  0.372549	  0.019608	  0.549019	
  0.764706	  0.019608	  0.000000	  0.215686	

URL http://cisbp.ccbr.utoronto.ca/TFreport.php?versionNumber=2.00&searchTF=T350194_2.00

