MEME version 5.4.1 (Tue Mar 1 19:18:48 2022 -0800)

ALPHABET= ACGT

strands: + -

Background letter frequencies (from uniform background):
A 0.25000 C 0.25000 G 0.25000 T 0.25000 

MOTIF M07309_2.00 AT1G24250

letter-probability matrix: alength= 4 w= 18 nsites= 1 E= 0
  0.205567	  0.207709	  0.139186	  0.447537	
  0.209850	  0.370450	  0.074946	  0.344754	
  0.175589	  0.404711	  0.098501	  0.321199	
  0.064240	  0.659529	  0.021413	  0.254818	
  0.987152	  0.004283	  0.000000	  0.008565	
  0.749465	  0.175589	  0.021413	  0.053533	
  0.000000	  0.965739	  0.000000	  0.034261	
  0.167024	  0.214133	  0.019272	  0.599571	
  0.631692	  0.149893	  0.094218	  0.124197	
  0.139186	  0.734476	  0.057816	  0.068522	
  0.068522	  0.695932	  0.000000	  0.235546	
  0.937901	  0.006424	  0.006424	  0.049251	
  0.725910	  0.252677	  0.000000	  0.021413	
  0.019272	  0.965739	  0.012848	  0.002141	
  0.220557	  0.370450	  0.036403	  0.372591	
  0.723768	  0.055675	  0.175589	  0.044968	
  0.349036	  0.453961	  0.029979	  0.167024	
  0.284797	  0.376874	  0.010707	  0.327623	

URL http://cisbp.ccbr.utoronto.ca/TFreport.php?versionNumber=2.00&searchTF=T350172_2.00

