MEME version 5.4.1 (Tue Mar 1 19:18:48 2022 -0800)

ALPHABET= ACGT

strands: + -

Background letter frequencies (from uniform background):
A 0.25000 C 0.25000 G 0.25000 T 0.25000 

MOTIF M07404_2.00 WRKY42

letter-probability matrix: alength= 4 w= 21 nsites= 1 E= 0
  0.343042	  0.297735	  0.155340	  0.203883	
  0.466019	  0.122977	  0.145631	  0.265372	
  0.443366	  0.119741	  0.122977	  0.313916	
  0.666667	  0.022654	  0.291262	  0.019417	
  0.000000	  0.000000	  1.000000	  0.000000	
  0.000000	  0.000000	  0.000000	  1.000000	
  0.006472	  0.993528	  0.000000	  0.000000	
  1.000000	  0.000000	  0.000000	  0.000000	
  1.000000	  0.000000	  0.000000	  0.000000	
  0.022654	  0.974110	  0.000000	  0.003236	
  0.148867	  0.090615	  0.595469	  0.165049	
  0.271845	  0.288026	  0.223301	  0.216828	
  0.223301	  0.300971	  0.165049	  0.310680	
  0.343042	  0.158576	  0.255663	  0.242718	
  0.326861	  0.126214	  0.284790	  0.262136	
  0.223301	  0.097087	  0.297735	  0.381877	
  0.184466	  0.177994	  0.233010	  0.404531	
  0.326861	  0.297735	  0.132686	  0.242718	
  0.462783	  0.220065	  0.110032	  0.207120	
  0.436893	  0.187702	  0.145631	  0.229773	
  0.359223	  0.226537	  0.236246	  0.177994	

URL http://cisbp.ccbr.utoronto.ca/TFreport.php?versionNumber=2.00&searchTF=T351933_2.00

