MEME version 5.4.1 (Tue Mar 1 19:18:48 2022 -0800)

ALPHABET= ACGT

strands: + -

Background letter frequencies (from uniform background):
A 0.25000 C 0.25000 G 0.25000 T 0.25000 

MOTIF M07412_2.00 WRKY7

letter-probability matrix: alength= 4 w= 21 nsites= 1 E= 0
  0.288344	  0.128834	  0.128834	  0.453988	
  0.472393	  0.128834	  0.177914	  0.220859	
  0.337423	  0.073620	  0.331288	  0.257669	
  0.503068	  0.110429	  0.153374	  0.233129	
  0.509203	  0.116564	  0.134969	  0.239264	
  0.263804	  0.177914	  0.312883	  0.245399	
  0.392638	  0.190184	  0.177914	  0.239264	
  0.300613	  0.282209	  0.165644	  0.251534	
  0.515338	  0.202454	  0.147239	  0.134969	
  0.638036	  0.239264	  0.067485	  0.055215	
  0.963190	  0.000000	  0.018405	  0.018405	
  1.000000	  0.000000	  0.000000	  0.000000	
  0.993865	  0.000000	  0.006135	  0.000000	
  0.012270	  0.000000	  0.975460	  0.012270	
  0.000000	  0.153374	  0.006135	  0.840491	
  0.000000	  1.000000	  0.000000	  0.000000	
  0.993865	  0.000000	  0.006135	  0.000000	
  0.993865	  0.000000	  0.000000	  0.006135	
  0.190184	  0.797546	  0.006135	  0.006135	
  0.018405	  0.061350	  0.846625	  0.073620	
  0.361963	  0.306748	  0.226994	  0.104294	

URL http://cisbp.ccbr.utoronto.ca/TFreport.php?versionNumber=2.00&searchTF=T351940_2.00

