MEME version 5.4.1 (Tue Mar 1 19:18:48 2022 -0800)

ALPHABET= ACGT

strands: + -

Background letter frequencies (from uniform background):
A 0.25000 C 0.25000 G 0.25000 T 0.25000 

MOTIF M07402_2.00 WRKY47

letter-probability matrix: alength= 4 w= 14 nsites= 1 E= 0
  0.431818	  0.034091	  0.147727	  0.386364	
  0.602272	  0.011364	  0.375000	  0.011364	
  0.000000	  0.000000	  1.000000	  0.000000	
  0.011364	  0.147727	  0.000000	  0.840909	
  0.000000	  1.000000	  0.000000	  0.000000	
  0.943182	  0.000000	  0.000000	  0.056818	
  0.988636	  0.011364	  0.000000	  0.000000	
  0.238636	  0.738637	  0.000000	  0.022727	
  0.000000	  0.022727	  0.909091	  0.068182	
  0.204545	  0.318182	  0.193182	  0.284091	
  0.261364	  0.511364	  0.079545	  0.147727	
  0.261364	  0.193182	  0.465909	  0.079545	
  0.352273	  0.056818	  0.431818	  0.159091	
  0.090909	  0.090909	  0.295455	  0.522727	

URL http://cisbp.ccbr.utoronto.ca/TFreport.php?versionNumber=2.00&searchTF=T351932_2.00

