MEME version 5.4.1 (Tue Mar 1 19:18:48 2022 -0800)

ALPHABET= ACGT

strands: + -

Background letter frequencies (from uniform background):
A 0.25000 C 0.25000 G 0.25000 T 0.25000 

MOTIF M08145_2.00 AGL27

letter-probability matrix: alength= 4 w= 14 nsites= 1 E= 0
  0.260563	  0.647887	  0.014085	  0.077465	
  0.000000	  0.767606	  0.000000	  0.232394	
  0.478873	  0.295775	  0.105634	  0.119718	
  0.732394	  0.014085	  0.147887	  0.105634	
  0.985915	  0.000000	  0.000000	  0.014085	
  0.936620	  0.000000	  0.000000	  0.063380	
  0.760563	  0.000000	  0.014085	  0.225352	
  0.232394	  0.007042	  0.000000	  0.760563	
  0.612676	  0.000000	  0.387324	  0.000000	
  0.000000	  0.000000	  1.000000	  0.000000	
  0.894366	  0.007042	  0.000000	  0.098592	
  1.000000	  0.000000	  0.000000	  0.000000	
  0.964789	  0.000000	  0.028169	  0.007042	
  0.098592	  0.176056	  0.549296	  0.176056	

URL http://cisbp.ccbr.utoronto.ca/TFreport.php?versionNumber=2.00&searchTF=T252862_2.00

