MEME version 5.4.1 (Tue Mar 1 19:18:48 2022 -0800)

ALPHABET= ACGT

strands: + -

Background letter frequencies (from uniform background):
A 0.25000 C 0.25000 G 0.25000 T 0.25000 

MOTIF MA0082.1 squamosa

letter-probability matrix: alength= 4 w= 14 nsites= 30 E= 0
  0.366667	  0.466667	  0.033333	  0.133333	
  0.000000	  0.733333	  0.000000	  0.266667	
  0.800000	  0.000000	  0.133333	  0.066667	
  0.533333	  0.066667	  0.033333	  0.366667	
  0.766667	  0.000000	  0.000000	  0.233333	
  0.566667	  0.000000	  0.000000	  0.433333	
  0.800000	  0.033333	  0.000000	  0.166667	
  0.266667	  0.000000	  0.033333	  0.700000	
  0.466667	  0.033333	  0.500000	  0.000000	
  0.033333	  0.033333	  0.933333	  0.000000	
  0.466667	  0.166667	  0.033333	  0.333333	
  0.833333	  0.166667	  0.000000	  0.000000	
  0.700000	  0.066667	  0.100000	  0.133333	
  0.233333	  0.166667	  0.266667	  0.333333	

URL http://jaspar2016.genereg.net?ID=MA0082.1&rm=present&collection=CORE

