MEME version 5.4.1 (Tue Mar 1 19:18:48 2022 -0800)

ALPHABET= ACGT

strands: + -

Background letter frequencies (from uniform background):
A 0.25000 C 0.25000 G 0.25000 T 0.25000 

MOTIF MA0573.1 ATHB-9

letter-probability matrix: alength= 4 w= 19 nsites= 21 E= 0
  0.444444	  0.222222	  0.111111	  0.222222	
  0.357143	  0.214286	  0.214286	  0.214286	
  0.312500	  0.250000	  0.125000	  0.312500	
  0.166667	  0.444444	  0.111111	  0.277778	
  0.000000	  0.038462	  0.961538	  0.000000	
  0.000000	  0.230769	  0.000000	  0.769231	
  0.961538	  0.000000	  0.038462	  0.000000	
  1.000000	  0.000000	  0.000000	  0.000000	
  0.000000	  0.000000	  0.000000	  1.000000	
  0.000000	  0.000000	  1.000000	  0.000000	
  1.000000	  0.000000	  0.000000	  0.000000	
  0.000000	  0.000000	  0.000000	  1.000000	
  0.000000	  0.000000	  0.115385	  0.884615	
  0.653846	  0.000000	  0.346154	  0.000000	
  0.000000	  0.961538	  0.038462	  0.000000	
  0.294118	  0.058824	  0.235294	  0.411765	
  0.166667	  0.500000	  0.000000	  0.333333	
  0.000000	  0.300000	  0.400000	  0.300000	
  0.000000	  0.625000	  0.375000	  0.000000	

URL http://jaspar2016.genereg.net?ID=MA0573.1&rm=present&collection=CORE

